"iter","time","dist","maxviolation","meanviolation","cost","maxabsLagMult","KKT_residual",
0,0,NaN,2.0641e-08,1.3844e-09,1.0959,2.0641e-07,1.4729,
1,0.039793,1.4924,0.0018556,7.5015e-05,0.00059853,0.018553,0.0025361,
2,0.051753,1.4924,0.0012988,5.2679e-05,0.00061541,0.019061,0.0018502,
3,0.13898,0.0014002,0.00088441,2.0827e-05,0.00057908,0.019051,0.00095298,
4,0.14979,0.36501,0.0006073,1.4912e-05,0.00058438,0.019201,0.00070807,
5,0.1606,0.00042633,0.00041567,1.0402e-05,0.00058807,0.01929,0.00056154,
6,0.19054,0.00030075,0.00028099,6.8462e-06,0.00059058,0.01914,0.00029503,
7,0.20142,0.00077367,0.00019275,4.9087e-06,0.00059229,0.019271,0.00030213,
8,0.22243,0.00013498,0.00013065,3.1611e-06,0.00059351,0.019174,0.00014568,
9,0.23809,0.00010822,8.8883e-05,2.2144e-06,0.00059433,0.019146,0.00015827,
10,0.25799,6.4938e-05,6.0687e-05,1.4694e-06,0.00059488,0.019187,8.9509e-05,
11,0.28235,4.6504e-05,4.1445e-05,9.9851e-07,0.00059526,0.019233,0.00010412,
12,0.39584,3.1195e-05,2.8178e-05,6.7884e-07,0.00059548,0.019194,6.512e-05,
13,0.41765,0.0016474,1.9221e-05,4.6227e-07,0.00059566,0.019217,6.2649e-05,
14,0.55317,1.4311e-05,1.3104e-05,3.1826e-07,0.00059574,0.019231,4.9074e-05,
15,1.4189,0.0016351,1.7292e-05,8.3785e-07,0.00052816,0.037228,0.024362,
16,2.2467,0.5173,1.2902e-05,8.5826e-07,0.00036135,0.040767,0.034831,
17,3.0516,0.41699,6.3103e-06,6.0083e-07,0.00025968,0.029277,0.033025,
18,3.908,0.36838,8.537e-06,5.059e-07,0.00018151,0.058064,0.051533,
19,4.7297,0.48265,1.6311e-06,9.8134e-08,0.00011913,0.016309,0.017571,
20,5.5545,0.45323,1.5788e-06,9.7267e-08,7.895e-05,0.023167,0.020848,
21,6.4437,0.21249,1.5557e-06,1.1698e-07,5.4914e-05,0.033498,0.036426,
22,7.2839,0.14319,4.8096e-07,3.2508e-08,5.27e-05,0.015208,0.016787,
23,8.1723,0.045055,5.4053e-07,4.5299e-08,5.1441e-05,0.025081,0.038246,
24,9.0359,0.045681,4.8674e-07,5.1392e-08,4.8361e-05,0.033143,0.04935,
25,9.9336,0.04767,9.3571e-08,8.7562e-09,4.6886e-05,0.0093567,0.01468,
26,10.7886,0.02828,2.7297e-07,1.6504e-08,4.554e-05,0.040034,0.04592,
27,10.8154,0.02007,1.1658e-08,4.0944e-10,4.554e-05,0.0025116,0.00052738,
28,10.8328,5.1288e-07,7.9628e-09,2.8199e-10,4.554e-05,0.002518,0.00050969,
29,10.8492,8.0251e-09,5.4196e-09,2.0216e-10,4.554e-05,0.0025156,0.00050767,
30,10.8652,4.5447e-09,3.6604e-09,1.4321e-10,4.554e-05,0.0024938,0.00051391,
31,10.8829,3.5901e-09,2.5125e-09,9.9118e-11,4.554e-05,0.0025125,0.00051279,
32,11.7696,2.1833e-09,1.8802e-07,1.7261e-08,4.4512e-05,0.18478,0.2856,
33,11.7961,0.01764,2.6746e-09,1.0705e-10,4.4512e-05,0.0026746,0.00079601,
34,11.8814,4.9469e-07,2.7931e-09,1.3033e-10,4.4505e-05,0.0027931,0.00057321,
35,11.8967,9.9775e-06,2.8071e-09,1.4283e-10,4.4505e-05,0.0028071,0.0013276,
36,11.9135,9.1019e-09,2.7643e-09,1.2613e-10,4.4505e-05,0.0027642,0.00051288,
37,12.8147,2.113e-09,1.0158e-07,9.9223e-09,4.3308e-05,0.10106,0.14224,
38,12.8421,0.019793,2.4869e-09,8.4273e-11,4.3308e-05,0.0024869,0.00090443,
39,13.0452,3.2308e-07,2.8342e-09,1.1709e-10,4.2882e-05,0.0028342,0.0006192,
40,13.0625,0.00097824,2.5215e-09,9.5351e-11,4.2882e-05,0.0025215,0.00032149,
41,13.0785,1.2602e-09,2.5553e-09,1.0106e-10,4.2882e-05,0.0025553,0.00055845,
42,13.0958,4.6393e-09,2.5551e-09,8.9815e-11,4.2882e-05,0.002555,0.00018707,
43,13.1117,8.3209e-10,2.5486e-09,1.1604e-10,4.2882e-05,0.0025486,0.00052056,
44,13.1273,1.6854e-08,2.5589e-09,1.1321e-10,4.2882e-05,0.0025589,0.00056707,
45,13.1456,3.4569e-09,2.552e-09,9.1314e-11,4.2882e-05,0.002552,0.00017848,
46,13.197,8.0876e-10,2.5532e-09,9.1488e-11,4.2825e-05,0.0025532,0.00020891,
47,13.2131,0.0006479,2.5301e-09,8.8133e-11,4.2825e-05,0.0025301,0.00018728,
48,13.2294,1.6442e-09,2.5147e-09,8.5824e-11,4.2825e-05,0.0025147,0.00016918,
49,13.2446,1.4759e-09,2.6389e-09,1.0189e-10,4.2825e-05,0.0026389,0.00029063,
50,13.2611,5.0721e-08,2.5712e-09,9.1575e-11,4.2825e-05,0.0025712,0.00022486,
51,13.279,1.1959e-09,2.5139e-09,8.5775e-11,4.2825e-05,0.0025139,0.00016984,
52,13.2949,8.5743e-10,2.5291e-09,9.1237e-11,4.2825e-05,0.0025291,0.00025547,
53,13.3108,2.5993e-08,2.6944e-09,9.9205e-11,4.2825e-05,0.0026944,0.00032922,
54,13.3283,1.8557e-09,2.523e-09,8.6323e-11,4.2825e-05,0.002523,0.00016976,
55,14.2143,6.3489e-10,6.2488e-08,3.0264e-09,4.1253e-05,0.062367,0.042864,
56,14.2377,0.027285,2.3933e-09,1.1974e-10,4.1253e-05,0.0023933,0.00049364,
57,14.2531,1.513e-07,2.2638e-09,1.0297e-10,4.1253e-05,0.0022638,0.00074758,
58,14.27,3.3802e-09,2.3931e-09,8.43e-11,4.1253e-05,0.0023931,0.00019739,
59,14.2868,1.0822e-09,2.4255e-09,1.1687e-10,4.1253e-05,0.0024254,0.00045211,
60,14.3024,1.5253e-08,2.3472e-09,9.4739e-11,4.1253e-05,0.0023472,0.00038306,
61,14.3189,3.2301e-09,2.4316e-09,8.625e-11,4.1253e-05,0.0024316,0.00023764,
62,14.336,1.2066e-09,2.3873e-09,8.3996e-11,4.1253e-05,0.0023873,0.00019187,
63,14.3514,9.5789e-10,2.4817e-09,8.9994e-11,4.1253e-05,0.0024817,0.0004753,
64,14.3684,4.7567e-08,2.3394e-09,8.7021e-11,4.1253e-05,0.0023394,0.00026024,
65,14.3857,1.3274e-09,2.4106e-09,8.3786e-11,4.1253e-05,0.0024106,0.00019172,
66,14.5639,9.6183e-10,2.2507e-09,7.9769e-11,4.1185e-05,0.0022507,0.00042625,
67,14.5801,0.00071413,2.4458e-09,8.3564e-11,4.1185e-05,0.0024458,0.00027459,
68,14.5952,1.4073e-09,2.7112e-09,9.9973e-11,4.1185e-05,0.0027112,0.00062646,
69,14.6121,4.3493e-09,2.4312e-09,8.7735e-11,4.1185e-05,0.0024312,0.00023751,
70,14.6283,1.0223e-09,2.5346e-09,9.629e-11,4.1185e-05,0.0025346,0.00036207,
71,14.6439,2.2274e-08,2.453e-09,9.2531e-11,4.1185e-05,0.002453,0.00049279,
72,14.6625,2.6139e-09,2.4249e-09,8.7556e-11,4.1185e-05,0.0024248,0.0002386,
73,14.6781,9.078e-10,2.6447e-09,1.1755e-10,4.1185e-05,0.0026447,0.00067486,
74,14.6954,2.9035e-08,2.4252e-09,8.7428e-11,4.1185e-05,0.0024251,0.0003029,
75,14.7118,2.3088e-09,2.4419e-09,8.7306e-11,4.1185e-05,0.0024419,0.00023431,
76,14.8268,1.1664e-09,2.8713e-09,2.1032e-10,4.1146e-05,0.0028713,0.0015163,
77,14.8442,0.00034152,2.3074e-09,9.161e-11,4.1146e-05,0.0023074,0.00028028,
78,14.8601,9.0084e-09,2.0897e-09,8.0568e-11,4.1146e-05,0.0020897,0.00039742,
79,14.8767,2.1269e-09,2.4204e-09,8.5671e-11,4.1146e-05,0.0024204,0.00016541,
80,14.8942,6.8469e-10,2.504e-09,9.9882e-11,4.1146e-05,0.002504,0.00044991,
81,14.9113,1.4598e-08,2.4154e-09,8.9041e-11,4.1146e-05,0.0024154,0.00013074,
82,14.9272,7.6793e-10,2.4793e-09,9.0733e-11,4.1146e-05,0.0024793,0.00033308,
83,14.944,1.9393e-09,2.4327e-09,8.646e-11,4.1146e-05,0.0024327,0.00010499,
84,14.9587,4.8591e-10,2.5713e-09,1.0482e-10,4.1146e-05,0.0025713,0.00056102,
85,14.9755,6.5918e-09,2.4285e-09,8.6841e-11,4.1146e-05,0.0024284,0.00010865,
86,14.9907,7.1921e-10,2.4354e-09,8.75e-11,4.1146e-05,0.0024354,0.00031257,
87,15.0075,3.3813e-09,2.4315e-09,8.705e-11,4.1146e-05,0.0024315,0.00011684,
88,15.0226,5.5054e-10,2.4633e-09,8.9379e-11,4.1146e-05,0.0024633,0.00026087,
89,15.0396,1.8574e-09,2.4317e-09,8.7033e-11,4.1146e-05,0.0024317,0.00010594,
90,15.0545,4.2951e-10,2.4937e-09,9.1028e-11,4.1146e-05,0.0024937,0.00045639,
91,15.0714,6.64e-09,2.4279e-09,8.5411e-11,4.1146e-05,0.0024279,0.00010502,
92,15.0862,6.0837e-10,2.445e-09,8.8818e-11,4.1146e-05,0.002445,0.00018745,
93,15.1025,3.2638e-09,2.428e-09,8.671e-11,4.1146e-05,0.002428,0.00010593,
94,15.1171,6.2014e-10,2.4504e-09,8.7901e-11,4.1146e-05,0.0024504,0.00014797,
95,15.1335,3.2306e-09,2.4273e-09,8.5259e-11,4.1146e-05,0.0024273,0.0001111,
96,15.1491,6.0844e-10,2.4349e-09,8.5356e-11,4.1146e-05,0.0024349,0.000102,
97,15.1642,8.9101e-10,2.345e-09,9.2909e-11,4.1146e-05,0.002345,0.00026261,
98,15.1806,1.6299e-08,2.4041e-09,8.7483e-11,4.1146e-05,0.0024041,0.00013998,
99,15.1973,1.0575e-09,2.4309e-09,8.5369e-11,4.1146e-05,0.0024309,0.00010195,
100,15.2154,5.2859e-10,2.3961e-09,9.3697e-11,4.1146e-05,0.0023961,0.00026196,
101,15.235,1.5043e-08,2.4582e-09,8.5254e-11,4.1146e-05,0.0024582,0.00016763,
102,15.254,9.3001e-10,2.4319e-09,8.6592e-11,4.1146e-05,0.0024318,0.00010323,
103,15.3085,3.5561e-10,2.2564e-09,8.3784e-11,4.1133e-05,0.0022564,0.00032701,
104,15.326,0.00029505,2.4449e-09,8.3244e-11,4.1133e-05,0.0024449,0.00020132,
105,15.4016,6.9063e-10,4.3928e-09,2.5372e-10,4.1128e-05,0.0043927,0.0021215,
106,15.4183,2.4266e-05,2.4401e-09,1.4985e-10,4.1128e-05,0.0024401,0.0014356,
107,15.4354,8.8127e-09,2.4705e-09,1.1256e-10,4.1128e-05,0.0024705,0.00034386,
108,15.4525,2.1151e-09,2.5709e-09,9.376e-11,4.1128e-05,0.0025709,0.00027788,
109,15.4695,2.5734e-09,2.4594e-09,8.4907e-11,4.1128e-05,0.0024594,9.9956e-05,
110,15.4842,4.1846e-10,2.4632e-09,1.2714e-10,4.1128e-05,0.0024632,0.00047237,
111,15.5006,2.6802e-08,2.5025e-09,9.2111e-11,4.1128e-05,0.0025025,0.00038308,
112,15.5179,3.4523e-09,2.4587e-09,8.5942e-11,4.1128e-05,0.0024587,0.00010401,
113,15.5321,5.2038e-10,1.9359e-09,9.055e-11,4.1128e-05,0.0019359,0.00067544,
114,15.5491,6.4902e-09,2.476e-09,8.8621e-11,4.1128e-05,0.002476,0.00011161,
115,15.5642,8.5417e-10,2.5189e-09,8.8426e-11,4.1128e-05,0.0025188,0.00018306,
116,15.581,1.7665e-09,2.4598e-09,8.5345e-11,4.1128e-05,0.0024598,0.00010188,
117,15.5964,3.6096e-10,2.4486e-09,1.1566e-10,4.1128e-05,0.0024486,0.00035004,
118,15.6127,1.4823e-08,2.4401e-09,9.9334e-11,4.1128e-05,0.0024401,0.00029001,
119,15.63,2.5916e-09,2.4644e-09,8.5474e-11,4.1128e-05,0.0024644,0.00010112,
120,15.6454,4.3046e-10,2.4351e-09,1.135e-10,4.1128e-05,0.0024351,0.00033651,
121,15.662,1.7703e-08,2.4099e-09,8.8058e-11,4.1128e-05,0.0024099,0.00024517,
122,15.6796,2.4396e-09,2.4647e-09,8.589e-11,4.1128e-05,0.0024646,0.00010439,
123,15.6938,4.171e-10,2.728e-09,1.0353e-10,4.1128e-05,0.002728,0.00066321,
124,15.7108,6.4613e-09,2.4456e-09,8.7308e-11,4.1128e-05,0.0024456,0.00010665,
125,15.7255,8.0209e-10,2.2371e-09,8.4269e-11,4.1128e-05,0.0022371,0.0003267,
126,15.7422,3.3063e-09,2.4676e-09,8.7674e-11,4.1128e-05,0.0024676,0.00011441,
127,15.7568,5.3586e-10,2.6022e-09,1.0662e-10,4.1128e-05,0.0026022,0.00062828,
128,15.7736,3.4969e-09,2.4512e-09,8.9375e-11,4.1128e-05,0.0024512,0.00011842,
129,15.7883,7.909e-10,1.9608e-09,7.8403e-11,4.1128e-05,0.0019608,0.00064427,
130,15.8052,3.578e-09,2.4692e-09,8.6981e-11,4.1128e-05,0.0024692,0.00011426,
131,15.8204,8.4092e-10,2.4938e-09,9.1295e-11,4.1128e-05,0.0024937,0.0002053,
132,15.8373,1.7894e-09,2.4601e-09,8.7194e-11,4.1128e-05,0.0024601,0.00010279,
133,15.8534,3.7902e-10,2.5525e-09,1.0751e-10,4.1128e-05,0.0025524,0.0003284,
134,15.8698,1.2423e-08,2.509e-09,9.5011e-11,4.1128e-05,0.002509,0.0001919,
135,15.8859,1.2916e-09,2.463e-09,8.6327e-11,4.1128e-05,0.002463,0.00010466,
136,15.9008,6.2995e-10,2.4598e-09,9.4998e-11,4.1128e-05,0.0024598,0.00019238,
137,15.9177,3.2077e-09,2.4605e-09,8.8448e-11,4.1128e-05,0.0024605,0.00011008,
138,15.9324,4.0814e-10,2.5191e-09,1.112e-10,4.1128e-05,0.0025191,0.00054571,
139,15.9492,3.5483e-09,2.4602e-09,8.5451e-11,4.1128e-05,0.0024602,0.00010298,
140,15.9645,6.6463e-10,2.5844e-09,1.0554e-10,4.1128e-05,0.0025844,0.00037432,
141,15.9814,1.2874e-08,2.4599e-09,9.37e-11,4.1128e-05,0.0024599,0.00016384,
142,15.9976,7.4939e-10,2.4812e-09,9.0046e-11,4.1128e-05,0.0024812,0.00026966,
143,16.0145,2.3616e-09,2.4644e-09,8.7712e-11,4.1128e-05,0.0024644,0.00012068,
144,16.029,4.978e-10,2.5148e-09,9.9396e-11,4.1128e-05,0.0025148,0.00064941,
145,16.0459,3.6612e-09,2.4558e-09,8.6731e-11,4.1128e-05,0.0024557,0.00010638,
146,16.0612,8.106e-10,2.4772e-09,8.5207e-11,4.1128e-05,0.0024772,0.0001445,
147,16.0775,1.6867e-09,2.4595e-09,8.4815e-11,4.1128e-05,0.0024595,9.9621e-05,
148,16.0917,5.2606e-10,2.4936e-09,9.3945e-11,4.1128e-05,0.0024936,0.00020942,
149,16.1079,6.1277e-09,2.4539e-09,8.6813e-11,4.1128e-05,0.0024538,0.00011587,
150,16.1236,6.7871e-10,2.4695e-09,8.4673e-11,4.1128e-05,0.0024695,0.00010287,
151,16.1384,8.8676e-10,2.4204e-09,8.7749e-11,4.1128e-05,0.0024204,0.00020612,
152,16.1553,3.1419e-09,2.4553e-09,8.5746e-11,4.1128e-05,0.0024553,0.00010132,
153,16.17,4.3433e-10,2.4931e-09,8.8678e-11,4.1128e-05,0.0024931,0.00018447,
154,16.1864,3.1383e-09,2.4542e-09,8.5301e-11,4.1128e-05,0.0024542,0.00010977,
155,16.2021,6.0165e-10,2.4692e-09,8.4911e-11,4.1128e-05,0.0024692,0.00010152,
156,16.2166,8.676e-10,2.4244e-09,8.7038e-11,4.1128e-05,0.0024244,0.00021646,
157,16.234,3.1546e-09,2.456e-09,8.5386e-11,4.1128e-05,0.002456,9.9962e-05,
158,16.2481,4.1507e-10,2.5093e-09,9.506e-11,4.1128e-05,0.0025093,0.00032238,
159,16.2647,6.1442e-09,2.4706e-09,8.5089e-11,4.1128e-05,0.0024706,0.00010317,
160,16.2794,5.433e-10,2.4168e-09,8.6993e-11,4.1128e-05,0.0024168,0.00025791,
161,16.2963,3.1696e-09,2.455e-09,8.5166e-11,4.1128e-05,0.002455,0.00010097,
162,16.3105,4.5795e-10,2.5117e-09,9.7712e-11,4.1128e-05,0.0025117,0.0003963,
163,16.3271,6.1688e-09,2.4711e-09,8.6386e-11,4.1128e-05,0.0024711,0.00010735,
164,16.3417,6.2416e-10,2.419e-09,8.904e-11,4.1128e-05,0.002419,0.00033992,
165,16.3586,3.2599e-09,2.4542e-09,8.5617e-11,4.1128e-05,0.0024542,0.00010982,
166,16.3733,5.3359e-10,2.4458e-09,9.5252e-11,4.1128e-05,0.0024458,0.00045594,
167,16.3902,3.3857e-09,2.4613e-09,8.8523e-11,4.1128e-05,0.0024613,0.00011203,
168,16.4077,6.0708e-10,2.4547e-09,1.0061e-10,4.1128e-05,0.0024547,0.0004477,
169,16.4246,3.6044e-09,2.4628e-09,8.4251e-11,4.1128e-05,0.0024628,0.00010108,
170,16.4393,5.9262e-10,2.4419e-09,9.284e-11,4.1128e-05,0.0024418,0.00022891,
171,16.456,6.1654e-09,2.4639e-09,8.7416e-11,4.1128e-05,0.0024639,0.00011361,
172,16.4721,7.4099e-10,2.4577e-09,8.5086e-11,4.1128e-05,0.0024577,0.00010559,
173,16.4874,9.2197e-10,2.471e-09,8.5068e-11,4.1128e-05,0.002471,0.00010249,
174,16.5023,1.6052e-09,2.4304e-09,8.5781e-11,4.1128e-05,0.0024304,0.00026737,
175,16.5193,3.205e-09,2.4577e-09,8.4843e-11,4.1128e-05,0.0024577,9.9203e-05,
176,16.5348,4.2473e-10,2.5664e-09,1.0894e-10,4.1128e-05,0.0025664,0.00038953,
177,16.5513,1.9892e-08,2.4644e-09,8.7769e-11,4.1128e-05,0.0024644,0.00010728,
178,16.5676,1.4281e-09,2.491e-09,1.0581e-10,4.1128e-05,0.002491,0.00035667,
179,16.5842,6.4952e-09,2.457e-09,9.0189e-11,4.1128e-05,0.002457,0.00017529,
180,16.6,1.2403e-09,2.5227e-09,9.163e-11,4.1128e-05,0.0025227,0.00022876,
181,16.617,1.2681e-09,2.4648e-09,8.5616e-11,4.1128e-05,0.0024648,9.8541e-05,
182,16.6312,3.8603e-10,2.3911e-09,1.0413e-10,4.1128e-05,0.0023911,0.00036747,
183,16.6476,5.5183e-08,2.4462e-09,8.9423e-11,4.1128e-05,0.0024462,0.00021172,
184,16.6632,1.4556e-09,2.4726e-09,8.3613e-11,4.1128e-05,0.0024726,0.000223,
185,16.6788,3.2225e-09,2.5188e-09,8.9648e-11,4.1128e-05,0.0025187,0.00031212,
186,16.6958,1.5582e-09,2.4603e-09,8.5949e-11,4.1128e-05,0.0024603,0.00010494,
187,16.7097,4.7718e-10,2.4929e-09,1.2502e-10,4.1128e-05,0.0024929,0.00077331,
188,16.7265,6.4712e-09,2.461e-09,9.0267e-11,4.1128e-05,0.002461,0.00012919,
189,16.7419,9.8081e-10,2.541e-09,9.6169e-11,4.1128e-05,0.002541,0.00038266,
190,16.7587,2.0223e-09,2.4641e-09,8.6476e-11,4.1128e-05,0.0024641,0.00010563,
191,16.7729,5.3861e-10,2.5129e-09,1.2693e-10,4.1128e-05,0.0025129,0.0007231,
192,16.7896,6.4358e-09,2.4611e-09,9.3731e-11,4.1128e-05,0.002461,0.00015667,
193,16.8053,9.9534e-10,2.4821e-09,9.6914e-11,4.1128e-05,0.0024821,0.00021549,
194,16.827,2.2792e-09,2.4678e-09,8.7643e-11,4.1128e-05,0.0024678,0.00011217,
195,16.8444,7.2466e-10,2.4686e-09,9.026e-11,4.1128e-05,0.0024686,0.00013204,
196,16.8617,1.7056e-09,2.4623e-09,8.6297e-11,4.1128e-05,0.0024623,9.9241e-05,
197,16.8769,5.2349e-10,2.4993e-09,1.0632e-10,4.1128e-05,0.0024993,0.00035166,
198,16.8933,2.0555e-08,2.4717e-09,9.6295e-11,4.1128e-05,0.0024716,0.000222,
199,16.91,1.5053e-09,2.47e-09,8.7591e-11,4.1128e-05,0.00247,0.00011192,
200,16.9262,7.2461e-10,2.4611e-09,9.0639e-11,4.1128e-05,0.0024611,0.00013692,
201,16.9454,1.7056e-09,2.4644e-09,8.6194e-11,4.1128e-05,0.0024644,9.9614e-05,
202,16.9617,5.2907e-10,2.4547e-09,9.3513e-11,4.1128e-05,0.0024547,0.00023593,
203,16.9781,1.46e-08,2.5417e-09,9.8573e-11,4.1128e-05,0.0025417,0.00044233,
204,16.9953,3.1192e-09,2.4605e-09,8.9656e-11,4.1128e-05,0.0024605,0.00012448,
205,17.0121,6.423e-10,2.4491e-09,1.0018e-10,4.1128e-05,0.0024491,0.00076203,
206,17.03,3.69e-09,2.4681e-09,8.5522e-11,4.1128e-05,0.002468,0.00010758,
207,17.0459,9.1082e-10,2.4981e-09,9.1638e-11,4.1128e-05,0.0024981,0.0002868,
208,17.0634,3.2986e-09,2.4595e-09,8.8801e-11,4.1128e-05,0.0024595,0.00011648,
209,17.0791,5.0294e-10,2.4669e-09,9.4315e-11,4.1128e-05,0.0024669,0.00027328,
210,17.0957,3.4982e-09,2.463e-09,8.6394e-11,4.1128e-05,0.002463,0.00012376,
211,17.1113,8.8182e-10,2.4629e-09,8.5532e-11,4.1128e-05,0.0024629,0.00011063,
212,17.127,9.6535e-10,2.4613e-09,8.5198e-11,4.1128e-05,0.0024613,9.7729e-05,
213,17.206,8.5498e-10,2.4869e-09,8.5462e-11,4.1118e-05,0.0024869,0.00013379,
214,17.222,0.00020989,2.4537e-09,8.5292e-11,4.1118e-05,0.0024537,8.9749e-05,
215,17.2358,4.7671e-10,2.4683e-09,8.8421e-11,4.1118e-05,0.0024683,0.00012728,
216,17.2523,5.5281e-09,2.4565e-09,8.4915e-11,4.1118e-05,0.0024565,9.52e-05,
217,17.2687,5.3463e-10,2.4604e-09,8.5714e-11,4.1118e-05,0.0024604,9.3048e-05,
218,17.2842,1.4651e-09,2.44e-09,8.7389e-11,4.1118e-05,0.00244,0.00019744,
219,17.3012,2.8827e-09,2.453e-09,8.6197e-11,4.1118e-05,0.0024529,9.5639e-05,
220,17.3158,3.8482e-10,2.4576e-09,9.2766e-11,4.1118e-05,0.0024576,0.00037076,
221,17.3324,3.0358e-09,2.4549e-09,8.7235e-11,4.1118e-05,0.0024549,9.6264e-05,
222,17.3466,5.0044e-10,2.4248e-09,9.1057e-11,4.1118e-05,0.0024248,0.00042406,
223,17.3632,5.8939e-09,2.4554e-09,8.5766e-11,4.1118e-05,0.0024554,9.1839e-05,
224,17.3785,5.3106e-10,2.4425e-09,1.0906e-10,4.1118e-05,0.0024425,0.00030456,
225,17.3949,1.6068e-08,2.4403e-09,9.4411e-11,4.1118e-05,0.0024403,0.00019656,
226,17.4118,2.2643e-09,2.456e-09,8.5775e-11,4.1118e-05,0.002456,9.107e-05,
227,17.427,3.3898e-10,2.4452e-09,1.1541e-10,4.1118e-05,0.0024452,0.00036713,
228,17.4435,2.0216e-08,2.4348e-09,8.6513e-11,4.1118e-05,0.0024348,0.00030559,
229,17.46,2.7161e-09,2.4571e-09,8.6009e-11,4.1118e-05,0.0024571,9.1605e-05,
230,17.4751,4.2495e-10,2.453e-09,1.1407e-10,4.1118e-05,0.002453,0.00033818,
231,17.4915,1.5768e-08,2.4825e-09,9.8227e-11,4.1118e-05,0.0024825,0.00024259,
232,17.5081,2.48e-09,2.4551e-09,8.606e-11,4.1118e-05,0.0024551,9.151e-05,
233,17.5233,3.7558e-10,2.445e-09,1.1098e-10,4.1118e-05,0.002445,0.00033241,
234,17.5398,1.4999e-08,2.4284e-09,8.7647e-11,4.1118e-05,0.0024283,0.00023488,
235,17.5563,2.3701e-09,2.4573e-09,8.6345e-11,4.1118e-05,0.0024573,9.404e-05,
236,17.5702,3.8438e-10,2.5807e-09,1.0334e-10,4.1118e-05,0.0025806,0.00057042,
237,17.5872,5.8411e-09,2.4475e-09,8.66e-11,4.1118e-05,0.0024475,9.6177e-05,
238,17.6016,6.9953e-10,2.3733e-09,8.531e-11,4.1118e-05,0.0023733,0.00026707,
239,17.6195,2.9695e-09,2.4588e-09,8.8164e-11,4.1118e-05,0.0024588,0.0001033,
240,17.6342,4.604e-10,2.5178e-09,1.0347e-10,4.1118e-05,0.0025177,0.00056947,
241,17.651,3.1636e-09,2.4497e-09,8.8436e-11,4.1118e-05,0.0024497,0.00010502,
242,17.6654,7.1175e-10,2.2196e-09,8.4854e-11,4.1118e-05,0.0022196,0.00050242,
243,17.6824,3.2041e-09,2.4469e-09,8.7075e-11,4.1118e-05,0.0024469,0.00010668,
244,17.6973,7.1986e-10,2.4449e-09,8.914e-11,4.1118e-05,0.0024449,0.00019584,
245,17.7138,1.6308e-09,2.4572e-09,8.6773e-11,4.1118e-05,0.0024572,9.3809e-05,
246,17.7281,3.5756e-10,2.4756e-09,9.9791e-11,4.1118e-05,0.0024756,0.0005919,
247,17.7446,5.8671e-09,2.4594e-09,8.7447e-11,4.1118e-05,0.0024594,9.9722e-05,
248,17.7591,7.2355e-10,2.3524e-09,8.807e-11,4.1118e-05,0.0023524,0.0003499,
249,17.776,3.1834e-09,2.466e-09,8.6473e-11,4.1118e-05,0.002466,9.5119e-05,
250,17.7905,5.0587e-10,2.548e-09,9.2857e-11,4.1118e-05,0.002548,0.00030224,
251,17.8077,2.9831e-09,2.4496e-09,8.6634e-11,4.1118e-05,0.0024496,9.8356e-05,
252,17.8226,4.5429e-10,2.1947e-09,8.4758e-11,4.1118e-05,0.0021947,0.00045143,
253,17.8391,3.1433e-09,2.4641e-09,8.7601e-11,4.1118e-05,0.0024641,9.8694e-05,
254,17.8536,5.9383e-10,2.6217e-09,9.8065e-11,4.1118e-05,0.0026217,0.00034987,
255,17.8705,3.0482e-09,2.4508e-09,8.7734e-11,4.1118e-05,0.0024508,0.0001076,
256,17.8856,5.2858e-10,2.3865e-09,9.6461e-11,4.1118e-05,0.0023865,0.0002452,
257,17.9015,3.2066e-09,2.4498e-09,8.7828e-11,4.1118e-05,0.0024498,0.00012038,
258,17.9183,8.4755e-10,2.4549e-09,8.5748e-11,4.1118e-05,0.0024549,9.2137e-05,
259,17.9337,5.0614e-10,2.4557e-09,8.6918e-11,4.1118e-05,0.0024557,0.0001284,
260,17.95,2.8555e-09,2.4558e-09,8.5158e-11,4.1118e-05,0.0024558,9.1689e-05,
261,17.9642,5.0558e-10,2.4484e-09,9.5605e-11,4.1118e-05,0.0024484,0.00024264,
262,17.9807,5.6072e-09,2.454e-09,8.8854e-11,4.1118e-05,0.002454,0.00011572,
263,17.9962,4.7842e-10,2.4532e-09,8.7599e-11,4.1118e-05,0.0024532,0.00017307,
264,18.0132,1.8037e-09,2.4567e-09,8.6501e-11,4.1118e-05,0.0024567,9.611e-05,
265,18.0272,3.477e-10,2.432e-09,9.6377e-11,4.1118e-05,0.002432,0.000694,
266,18.0437,5.9619e-09,2.4537e-09,8.641e-11,4.1118e-05,0.0024537,9.3933e-05,
267,18.0581,8.0691e-10,2.4454e-09,9.3504e-11,4.1118e-05,0.0024454,0.00058125,
268,18.0745,5.8524e-09,2.4413e-09,8.7307e-11,4.1118e-05,0.0024413,0.00012394,
269,18.0899,8.1853e-10,2.4303e-09,9.0716e-11,4.1118e-05,0.0024303,0.0003726,
270,18.1067,1.83e-09,2.4567e-09,8.6669e-11,4.1118e-05,0.0024567,9.5978e-05,
271,18.1208,4.9979e-10,2.4982e-09,1.0496e-10,4.1118e-05,0.0024982,0.00070718,
272,18.1375,5.9558e-09,2.4597e-09,8.6397e-11,4.1118e-05,0.0024597,9.9038e-05,
273,18.1524,8.4327e-10,2.4345e-09,8.9232e-11,4.1118e-05,0.0024344,0.00034393,
274,18.169,3.0448e-09,2.4537e-09,8.8215e-11,4.1118e-05,0.0024537,0.0001069,
275,18.1842,5.3155e-10,2.4801e-09,1.0101e-10,4.1118e-05,0.0024801,0.00062083,
276,18.2012,3.2408e-09,2.4551e-09,8.8171e-11,4.1118e-05,0.0024551,0.0001141,
277,18.2173,7.8096e-10,2.4421e-09,8.7601e-11,4.1118e-05,0.0024421,0.00014503,
278,18.2336,1.7654e-09,2.4554e-09,8.5991e-11,4.1118e-05,0.0024554,9.4335e-05,
279,18.2488,5.4179e-10,2.4554e-09,8.7357e-11,4.1118e-05,0.0024554,0.00014015,
280,18.2646,2.8742e-09,2.4558e-09,8.535e-11,4.1118e-05,0.0024558,9.3547e-05,
281,18.279,5.3605e-10,2.4513e-09,8.9151e-11,4.1118e-05,0.0024513,0.00015337,
282,18.2956,2.8823e-09,2.4547e-09,8.599e-11,4.1118e-05,0.0024547,9.298e-05,
283,18.3102,5.3804e-10,2.4541e-09,8.7661e-11,4.1118e-05,0.0024541,0.00016984,
284,18.3268,2.8921e-09,2.4569e-09,8.6621e-11,4.1118e-05,0.0024569,9.7264e-05,
285,18.3409,3.5218e-10,2.4303e-09,1.0003e-10,4.1118e-05,0.0024303,0.00079101,
286,18.3576,5.9691e-09,2.4523e-09,8.6862e-11,4.1118e-05,0.0024523,9.7808e-05,
287,18.3721,9.2055e-10,2.4545e-09,8.7548e-11,4.1118e-05,0.0024545,0.00039986,
288,18.3888,3.0803e-09,2.4547e-09,8.7245e-11,4.1118e-05,0.0024547,0.00010314,
289,18.404,5.5462e-10,2.4545e-09,9.7335e-11,4.1118e-05,0.0024545,0.00021214,
290,18.4202,3.1162e-09,2.4497e-09,8.7635e-11,4.1118e-05,0.0024497,0.0001168,
291,18.4361,7.8005e-10,2.4565e-09,8.4799e-11,4.1118e-05,0.0024565,9.5052e-05,
292,18.451,8.6015e-10,2.4503e-09,8.5257e-11,4.1118e-05,0.0024503,9.0388e-05,
293,18.4659,1.4517e-09,2.5311e-09,9.7994e-11,4.1118e-05,0.0025311,0.00025283,
294,18.4825,1.1371e-08,2.4573e-09,8.5453e-11,4.1118e-05,0.0024573,9.1181e-05,
295,18.4976,9.3747e-10,2.4277e-09,1.0774e-10,4.1118e-05,0.0024277,0.00032797,
296,18.5131,1.3544e-08,2.4103e-09,8.704e-11,4.1118e-05,0.0024103,0.00015788,
297,18.5298,2.3946e-09,2.4522e-09,8.5036e-11,4.1118e-05,0.0024522,0.00010772,
298,18.5462,6.5993e-10,2.4566e-09,8.493e-11,4.1118e-05,0.0024566,8.8631e-05,
299,18.6148,4.5222e-10,2.6104e-09,9.6487e-11,4.1108e-05,0.0026104,0.00038264,
300,18.6326,0.00020953,2.4433e-09,8.3006e-11,4.1108e-05,0.0024433,0.00021155,
301,18.6513,7.7801e-10,2.4948e-09,8.3262e-11,4.1108e-05,0.0024948,0.00016814,
302,18.6692,8.3904e-10,2.4729e-09,8.5022e-11,4.1108e-05,0.0024729,9.1457e-05,
303,18.7227,3.2178e-10,2.4292e-09,8.4977e-11,4.1099e-05,0.0024292,0.00022028,
304,18.7379,0.00019679,2.4425e-09,9.0675e-11,4.1099e-05,0.0024425,0.00022946,
305,18.7534,3.3621e-09,2.4292e-09,8.94e-11,4.1099e-05,0.0024292,0.00030034,
306,18.7709,1.6641e-09,2.4623e-09,8.5813e-11,4.1099e-05,0.0024622,8.862e-05,
307,18.7858,4.2285e-10,2.4832e-09,1.1165e-10,4.1099e-05,0.0024832,0.00029837,
308,18.8018,1.1812e-08,2.5057e-09,9.5633e-11,4.1099e-05,0.0025056,0.00021241,
309,18.8199,2.0757e-09,2.4694e-09,8.5974e-11,4.1099e-05,0.0024694,8.9563e-05,
310,18.8346,4.1178e-10,2.4466e-09,9.2763e-11,4.1099e-05,0.0024466,0.00020422,
311,18.8515,2.7787e-09,2.4581e-09,8.5772e-11,4.1099e-05,0.0024581,8.9032e-05,
312,18.8662,3.9846e-10,2.5035e-09,9.281e-11,4.1099e-05,0.0025035,0.00017466,
313,18.883,2.7624e-09,2.4684e-09,8.596e-11,4.1099e-05,0.0024684,8.8353e-05,
314,18.8971,3.5688e-10,2.4606e-09,1.0062e-10,4.1099e-05,0.0024606,0.0003475,
315,18.9139,5.4314e-09,2.4552e-09,8.7599e-11,4.1099e-05,0.0024552,9.9208e-05,
316,18.9288,5.5694e-10,2.4951e-09,9.4737e-11,4.1099e-05,0.0024951,0.00021726,
317,18.9457,1.5887e-09,2.4646e-09,8.5996e-11,4.1099e-05,0.0024646,8.8526e-05,
318,18.9611,3.5096e-10,2.446e-09,1.0908e-10,4.1099e-05,0.002446,0.00032187,
319,18.977,1.678e-08,2.454e-09,8.7535e-11,4.1099e-05,0.002454,0.00025711,
320,18.994,2.3925e-09,2.4638e-09,8.5856e-11,4.1099e-05,0.0024638,8.8248e-05,
321,19.009,3.7672e-10,2.4613e-09,1.1061e-10,4.1099e-05,0.0024613,0.00031575,
322,19.025,1.9953e-08,2.4849e-09,9.7241e-11,4.1099e-05,0.0024849,0.00024093,
323,19.042,2.3563e-09,2.462e-09,8.5725e-11,4.1099e-05,0.002462,8.7505e-05,
324,19.0567,3.6178e-10,2.4476e-09,1.2181e-10,4.1099e-05,0.0024476,0.00042312,
325,19.0728,2.5751e-08,2.437e-09,9.2425e-11,4.1099e-05,0.002437,0.00034543,
326,19.0898,3.103e-09,2.4637e-09,8.6476e-11,4.1099e-05,0.0024637,9.0323e-05,
327,19.1038,4.6346e-10,2.5125e-09,9.3129e-11,4.1099e-05,0.0025125,0.00063194,
328,19.1207,5.6469e-09,2.4583e-09,8.8028e-11,4.1099e-05,0.0024583,0.0001036,
329,19.136,7.7606e-10,2.4358e-09,9.1908e-11,4.1099e-05,0.0024358,0.00024341,
330,19.1519,3.0896e-09,2.4607e-09,8.7137e-11,4.1099e-05,0.0024607,0.00011364,
331,19.1675,8.1449e-10,2.4607e-09,8.5158e-11,4.1099e-05,0.0024606,9.4473e-05,
332,19.1833,8.4618e-10,2.4626e-09,8.4612e-11,4.1099e-05,0.0024626,8.5779e-05,
333,19.234,7.5074e-10,2.5159e-09,9.6505e-11,4.1091e-05,0.0025159,0.00028208,
334,19.2512,0.00020419,2.4756e-09,8.748e-11,4.1091e-05,0.0024756,9.8761e-05,
335,19.2656,4.3812e-10,2.5633e-09,9.6925e-11,4.1091e-05,0.0025633,0.00063109,
336,19.2822,6.0031e-09,2.4748e-09,8.6685e-11,4.1091e-05,0.0024748,0.00010678,
337,19.2975,8.2857e-10,2.5227e-09,9.1274e-11,4.1091e-05,0.0025227,0.00019371,
338,19.3147,1.6307e-09,2.4787e-09,8.579e-11,4.1091e-05,0.0024787,9.3638e-05,
339,19.3287,3.5982e-10,2.5705e-09,1.0036e-10,4.1091e-05,0.0025705,0.00053317,
340,19.3455,5.868e-09,2.4808e-09,8.7803e-11,4.1091e-05,0.0024808,0.00010746,
341,19.3608,6.9732e-10,2.4842e-09,9.7551e-11,4.1091e-05,0.0024842,0.00023311,
342,19.3768,3.2137e-09,2.4836e-09,8.8371e-11,4.1091e-05,0.0024836,0.00012333,
343,19.3931,8.4836e-10,2.4766e-09,8.5498e-11,4.1091e-05,0.0024766,9.2718e-05,
344,19.4081,5.0878e-10,2.4856e-09,8.7425e-11,4.1091e-05,0.0024856,0.00013194,
345,19.4243,2.8857e-09,2.4768e-09,8.536e-11,4.1091e-05,0.0024768,9.235e-05,
346,19.4388,5.0853e-10,2.488e-09,9.6735e-11,4.1091e-05,0.002488,0.00024957,
347,19.4553,5.663e-09,2.4751e-09,8.9256e-11,4.1091e-05,0.0024751,0.00011547,
348,19.4702,4.8007e-10,2.4878e-09,9.2373e-11,4.1091e-05,0.0024877,0.00033219,
349,19.4871,3.3526e-09,2.4784e-09,9.0345e-11,4.1091e-05,0.0024784,0.00013367,
350,19.5025,6.029e-10,2.4761e-09,9.2446e-11,4.1091e-05,0.0024761,0.00021587,
351,19.5191,1.9868e-09,2.4747e-09,8.7247e-11,4.1091e-05,0.0024747,0.00010182,
352,19.5338,3.9745e-10,2.4726e-09,9.0581e-11,4.1091e-05,0.0024726,0.00045159,
353,19.5507,3.2921e-09,2.4763e-09,8.5517e-11,4.1091e-05,0.0024763,9.1131e-05,
354,19.5655,5.5278e-10,2.5085e-09,1.1309e-10,4.1091e-05,0.0025085,0.00040852,
355,19.5818,3.1649e-08,2.5053e-09,9.6234e-11,4.1091e-05,0.0025053,0.00022212,
356,19.5984,1.5587e-09,2.4756e-09,8.8568e-11,4.1091e-05,0.0024756,0.00011029,
357,19.6132,4.4306e-10,2.5209e-09,1.0016e-10,4.1091e-05,0.0025209,0.00029465,
358,19.6302,3.2667e-09,2.4796e-09,9.0142e-11,4.1091e-05,0.0024796,0.00012498,
359,19.6464,5.4733e-10,2.4977e-09,9.3786e-11,4.1091e-05,0.0024977,0.00019344,
360,19.6632,1.902e-09,2.4753e-09,8.7139e-11,4.1091e-05,0.0024753,9.9098e-05,
361,19.6772,3.7249e-10,2.5705e-09,1.2117e-10,4.1091e-05,0.0025705,0.0008015,
362,19.6939,6.0432e-09,2.4759e-09,8.6753e-11,4.1091e-05,0.0024759,9.6447e-05,
363,19.7077,9.1563e-10,2.3547e-09,1.158e-10,4.1091e-05,0.0023547,0.00070207,
364,19.7243,6.0069e-09,2.4756e-09,8.6273e-11,4.1091e-05,0.0024756,0.00010613,
365,19.7399,8.6217e-10,2.4859e-09,8.4123e-11,4.1091e-05,0.0024859,9.5669e-05,
366,19.7548,8.432e-10,2.4658e-09,8.5551e-11,4.1091e-05,0.0024658,0.00010033,
367,19.7703,1.4774e-09,2.5085e-09,8.9599e-11,4.1091e-05,0.0025085,0.00016505,
368,19.7869,1.5286e-09,2.4808e-09,8.4683e-11,4.1091e-05,0.0024808,9.0814e-05,
369,19.8008,3.486e-10,2.4445e-09,8.715e-11,4.1091e-05,0.0024445,0.0002445,
370,19.8177,5.6079e-09,2.4694e-09,8.5347e-11,4.1091e-05,0.0024694,9.3474e-05,
371,19.832,4.4094e-10,2.5137e-09,9.0467e-11,4.1091e-05,0.0025137,0.00021406,
372,19.8488,2.901e-09,2.4817e-09,8.5607e-11,4.1091e-05,0.0024817,9.2824e-05,
373,19.8629,3.917e-10,2.4514e-09,9.4397e-11,4.1091e-05,0.0024514,0.00042442,
374,19.8793,5.7067e-09,2.4688e-09,8.8292e-11,4.1091e-05,0.0024688,0.00010946,
375,19.8939,6.057e-10,2.4419e-09,9.2183e-11,4.1091e-05,0.0024418,0.0005251,
376,19.9105,3.3003e-09,2.4643e-09,8.634e-11,4.1091e-05,0.0024643,0.00010997,
377,19.9255,7.0147e-10,2.4754e-09,8.8332e-11,4.1091e-05,0.0024754,0.00027185,
378,19.9419,1.7104e-09,2.4765e-09,8.6053e-11,4.1091e-05,0.0024765,9.2967e-05,
379,19.9576,4.0412e-10,2.4844e-09,1.032e-10,4.1091e-05,0.0024844,0.00033066,
380,19.9734,1.4107e-08,2.6068e-09,1.0746e-10,4.1091e-05,0.0026068,0.00051676,
381,19.99,4.0246e-09,2.4733e-09,9.3538e-11,4.1091e-05,0.0024733,0.00014887,
382,20.0068,7.9786e-10,2.49e-09,9.4801e-11,4.1091e-05,0.00249,0.00024419,
383,20.0234,2.138e-09,2.4792e-09,8.8042e-11,4.1091e-05,0.0024792,0.00010674,
384,20.0379,4.4219e-10,2.6284e-09,1.0078e-10,4.1091e-05,0.0026284,0.00054787,
385,20.0547,3.3122e-09,2.4742e-09,8.6164e-11,4.1091e-05,0.0024742,9.7376e-05,
386,20.07,7.064e-10,2.5003e-09,8.7447e-11,4.1091e-05,0.0025003,0.00012979,
387,20.086,1.5461e-09,2.4758e-09,8.4893e-11,4.1091e-05,0.0024758,9.0726e-05,
388,20.1024,4.7874e-10,2.5222e-09,1.0233e-10,4.1091e-05,0.0025222,0.00023949,
389,20.1179,1.2949e-08,2.4938e-09,8.7571e-11,4.1091e-05,0.0024938,0.00012203,
390,20.134,1.5244e-09,2.4726e-09,8.4423e-11,4.1091e-05,0.0024726,9.6707e-05,
391,20.1491,5.067e-10,2.4889e-09,8.468e-11,4.1091e-05,0.0024889,9.6625e-05,
392,20.164,1.4703e-09,2.4724e-09,8.4857e-11,4.1091e-05,0.0024724,0.00016671,
393,20.1805,1.5492e-09,2.4727e-09,8.4519e-11,4.1091e-05,0.0024727,8.9929e-05,
394,20.339,3.2499e-10,2.4478e-09,8.5281e-11,4.1082e-05,0.0024478,9.3128e-05,
395,20.3542,0.00019523,2.44e-09,8.574e-11,4.1082e-05,0.00244,0.00010428,
396,20.37,1.4354e-09,2.4726e-09,8.5399e-11,4.1082e-05,0.0024726,0.0001065,
397,20.3857,8.0097e-10,2.453e-09,8.5089e-11,4.1082e-05,0.002453,9.9902e-05,
398,20.402,7.8322e-10,2.4767e-09,8.5234e-11,4.1082e-05,0.0024766,0.00010377,
399,20.4178,7.9049e-10,2.4534e-09,8.5034e-11,4.1082e-05,0.0024534,9.8194e-05,
400,20.4354,7.7965e-10,2.4754e-09,8.5044e-11,4.1082e-05,0.0024754,0.00010163,
401,20.4536,7.8737e-10,2.4538e-09,8.5003e-11,4.1082e-05,0.0024538,9.6694e-05,
402,20.4691,7.7674e-10,2.4744e-09,8.5011e-11,4.1082e-05,0.0024744,9.9752e-05,
403,20.486,7.8468e-10,2.4543e-09,8.4975e-11,4.1082e-05,0.0024543,9.5371e-05,
404,20.5014,7.7421e-10,2.4876e-09,8.8075e-11,4.1082e-05,0.0024876,0.00013969,
405,20.5179,1.4473e-09,2.459e-09,8.4756e-11,4.1082e-05,0.0024589,9.3199e-05,
406,20.5331,4.9751e-10,2.478e-09,8.5256e-11,4.1082e-05,0.002478,9.7928e-05,
407,20.5505,1.4125e-09,2.4369e-09,8.5954e-11,4.1082e-05,0.0024369,0.00019554,
408,20.5673,1.491e-09,2.4601e-09,8.4678e-11,4.1082e-05,0.0024601,8.6812e-05,
409,20.5827,3.5127e-10,2.5593e-09,1.013e-10,4.1082e-05,0.0025593,0.00029939,
410,20.6007,1.3377e-08,2.4639e-09,8.455e-11,4.1082e-05,0.0024639,8.8319e-05,
411,20.6154,9.5959e-10,2.4648e-09,8.4643e-11,4.1082e-05,0.0024648,8.5615e-05,
412,20.7044,2.7053e-09,2.5176e-09,9.0867e-11,4.1073e-05,0.0025176,0.00026351,
413,20.7226,0.00020651,2.4747e-09,8.6601e-11,4.1073e-05,0.0024747,0.00010163,
414,20.7373,4.9271e-10,2.5821e-09,1.0112e-10,4.1073e-05,0.0025821,0.00041408,
415,20.7539,3.0862e-09,2.4803e-09,8.7194e-11,4.1073e-05,0.0024803,0.00010678,
416,20.7708,5.9046e-10,2.5502e-09,1.0116e-10,4.1073e-05,0.0025502,0.00046285,
417,20.7874,3.2258e-09,2.4812e-09,8.5604e-11,4.1073e-05,0.0024812,9.3641e-05,
418,20.8033,5.8245e-10,2.408e-09,9.9909e-11,4.1073e-05,0.0024079,0.00028155,
419,20.8198,1.2694e-08,2.4222e-09,9.3144e-11,4.1073e-05,0.0024222,0.00018836,
420,20.8366,1.1106e-09,2.4789e-09,8.5672e-11,4.1073e-05,0.0024789,9.248e-05,
421,20.8521,3.4004e-10,2.4797e-09,1.0436e-10,4.1073e-05,0.0024797,0.00039675,
422,20.8696,2.0436e-08,2.6054e-09,9.1726e-11,4.1073e-05,0.0026054,0.0004615,
423,20.8862,2.3648e-09,2.4695e-09,8.4506e-11,4.1073e-05,0.0024695,9.2685e-05,
424,20.9005,5.8735e-10,2.5164e-09,9.4389e-11,4.1073e-05,0.0025164,0.00021515,
425,20.9181,5.6613e-09,2.4671e-09,8.5408e-11,4.1073e-05,0.002467,0.00012277,
426,20.9342,6.7543e-10,2.4794e-09,8.4543e-11,4.1073e-05,0.0024794,9.1021e-05,
427,20.9492,4.6441e-10,2.3692e-09,9.1416e-11,4.1073e-05,0.0023692,0.00032563,
428,20.9678,2.69e-08,2.4413e-09,9.2411e-11,4.1073e-05,0.0024413,0.00022557,
429,20.9843,1.166e-09,2.4783e-09,8.5672e-11,4.1073e-05,0.0024783,9.1643e-05,
430,20.9994,3.6431e-10,2.4435e-09,1.1793e-10,4.1073e-05,0.0024435,0.00040015,
431,21.0165,2.5416e-08,2.4693e-09,9.3543e-11,4.1073e-05,0.0024693,0.00017243,
432,21.0329,2.8859e-09,2.4769e-09,8.6611e-11,4.1073e-05,0.0024769,9.3747e-05,
433,21.0487,3.4333e-10,2.4716e-09,1.1331e-10,4.1073e-05,0.0024716,0.00033154,
434,21.067,1.2674e-08,2.477e-09,8.5334e-11,4.1073e-05,0.002477,0.00020425,
435,21.0836,2.3013e-09,2.4781e-09,8.5061e-11,4.1073e-05,0.0024781,9.084e-05,
436,21.14,3.3901e-10,2.4374e-09,8.3189e-11,4.1065e-05,0.0024374,0.00015359,
437,21.1566,0.00019182,2.4669e-09,8.5069e-11,4.1065e-05,0.0024669,8.4922e-05,
438,21.209,3.0318e-10,2.4491e-09,8.3981e-11,4.1056e-05,0.0024491,0.00021452,
439,21.224,0.00020504,2.5159e-09,1.4683e-10,4.1056e-05,0.0025159,0.00078504,
440,21.2393,3.2319e-08,2.411e-09,9.1869e-11,4.1056e-05,0.002411,0.0006423,
441,21.2562,5.1154e-09,2.4578e-09,8.4749e-11,4.1056e-05,0.0024578,0.00020808,
442,21.2724,9.4891e-10,2.5752e-09,1.0013e-10,4.1056e-05,0.0025752,0.0003463,
443,21.2887,4.1678e-08,2.463e-09,8.7842e-11,4.1056e-05,0.002463,0.00021401,
444,21.3036,1.2322e-09,2.478e-09,9.2939e-11,4.1056e-05,0.002478,0.00029676,
445,21.3201,6.6409e-09,2.4734e-09,8.6112e-11,4.1056e-05,0.0024734,9.4605e-05,
446,21.3343,4.6327e-10,2.5985e-09,9.6894e-11,4.1056e-05,0.0025985,0.00049963,
447,21.353,5.8292e-09,2.4796e-09,8.9284e-11,4.1056e-05,0.0024796,0.00011005,
448,21.3675,6.6915e-10,2.5283e-09,1.0693e-10,4.1056e-05,0.0025283,0.00054258,
449,21.3842,3.2986e-09,2.4804e-09,8.6128e-11,4.1056e-05,0.0024804,9.5114e-05,
450,21.398,6.6292e-10,2.6933e-09,9.6287e-11,4.1056e-05,0.0026932,0.00051483,
451,21.4146,5.9044e-09,2.4807e-09,9.01e-11,4.1056e-05,0.0024807,0.00012368,
452,21.4296,7.7718e-10,2.5694e-09,9.7394e-11,4.1056e-05,0.0025694,0.00035866,
453,21.4488,1.8791e-09,2.4766e-09,8.6979e-11,4.1056e-05,0.0024766,9.9214e-05,
454,21.4629,5.0209e-10,2.4561e-09,1.1763e-10,4.1056e-05,0.0024561,0.00086885,
455,21.4797,6.0748e-09,2.4884e-09,8.8818e-11,4.1056e-05,0.0024884,0.00010814,
456,21.4947,1.0178e-09,2.5398e-09,9.9138e-11,4.1056e-05,0.0025398,0.00022923,
457,21.5107,3.2374e-09,2.4965e-09,8.9483e-11,4.1056e-05,0.0024965,0.0001241,
458,21.5268,8.4655e-10,2.4774e-09,8.5874e-11,4.1056e-05,0.0024774,9.3441e-05,
459,21.5426,5.1029e-10,2.5079e-09,9.7026e-11,4.1056e-05,0.0025079,0.00023275,
460,21.5592,5.7147e-09,2.4797e-09,8.9313e-11,4.1056e-05,0.0024797,0.00011569,
461,21.5748,4.7661e-10,2.4946e-09,9.1967e-11,4.1056e-05,0.0024946,0.00016594,
462,21.5915,1.806e-09,2.4768e-09,8.6651e-11,4.1056e-05,0.0024768,9.8208e-05,
463,21.6055,3.5115e-10,2.5583e-09,1.2058e-10,4.1056e-05,0.0025583,0.00078201,
464,21.622,6.0777e-09,2.4792e-09,8.7315e-11,4.1056e-05,0.0024792,9.9356e-05,
465,21.6377,9.0048e-10,2.5067e-09,1.2347e-10,4.1056e-05,0.0025067,0.00082749,
466,21.6543,6.0811e-09,2.477e-09,8.8269e-11,4.1056e-05,0.002477,0.00011796,
467,21.6699,1.0863e-09,2.4878e-09,8.4646e-11,4.1056e-05,0.0024878,0.00010358,
468,21.6855,9.1142e-10,2.4753e-09,8.4817e-11,4.1056e-05,0.0024753,9.1953e-05,
469,21.6993,8.0127e-10,2.5221e-09,9.2543e-11,4.1056e-05,0.0025221,0.00017252,
470,21.7156,5.639e-09,2.476e-09,8.4758e-11,4.1056e-05,0.002476,0.00011487,
471,21.7338,6.0131e-10,2.4795e-09,8.4631e-11,4.1056e-05,0.0024795,9.0635e-05,
472,21.7479,4.5749e-10,2.3334e-09,9.7321e-11,4.1056e-05,0.0023334,0.00040991,
473,21.7639,4.6524e-08,2.4345e-09,9.199e-11,4.1056e-05,0.0024345,0.0002821,
474,21.7814,1.3993e-09,2.4779e-09,8.4983e-11,4.1056e-05,0.0024779,9.093e-05,
475,21.7963,4.1368e-10,2.4459e-09,9.4899e-11,4.1056e-05,0.0024459,0.00021719,
476,21.8129,1.9005e-08,2.4826e-09,8.9265e-11,4.1056e-05,0.0024826,0.00011273,
477,21.8288,6.869e-10,2.4677e-09,8.6086e-11,4.1056e-05,0.0024677,9.5879e-05,
478,21.8438,8.303e-10,2.4906e-09,8.8378e-11,4.1056e-05,0.0024906,0.00011999,
479,21.8598,1.5104e-09,2.4719e-09,8.5831e-11,4.1056e-05,0.0024719,9.4658e-05,
480,21.8748,4.9358e-10,2.4869e-09,8.5861e-11,4.1056e-05,0.0024869,9.6627e-05,
481,21.8892,1.485e-09,2.4756e-09,9.5699e-11,4.1056e-05,0.0024756,0.00033749,
482,21.906,3.0025e-09,2.4716e-09,8.5495e-11,4.1056e-05,0.0024716,9.5023e-05,
483,21.9205,5.3401e-10,2.5272e-09,9.5037e-11,4.1056e-05,0.0025272,0.0002163,
484,21.937,2.9198e-09,2.4838e-09,8.5351e-11,4.1056e-05,0.0024838,9.3663e-05,
485,21.9509,4.0999e-10,2.4838e-09,9.5185e-11,4.1056e-05,0.0024838,0.00036578,
486,21.9674,5.7467e-09,2.4547e-09,8.7141e-11,4.1056e-05,0.0024547,0.00012785,
487,21.9828,7.02e-10,2.4786e-09,8.86e-11,4.1056e-05,0.0024786,0.00011853,
488,21.9994,1.0417e-09,2.4782e-09,8.4747e-11,4.1056e-05,0.0024782,9.0504e-05,
489,22.1501,4.5272e-10,3.4852e-09,2.6932e-10,4.1047e-05,0.0034851,0.0020443,
490,22.1673,0.00020472,2.4691e-09,1.0734e-10,4.1047e-05,0.0024691,0.00058999,
491,22.1838,1.2288e-08,2.464e-09,8.7259e-11,4.1047e-05,0.002464,9.87e-05,
492,22.1984,7.4152e-10,2.5751e-09,1.0183e-10,4.1047e-05,0.0025751,0.00038449,
493,22.2151,3.0459e-09,2.4658e-09,8.8265e-11,4.1047e-05,0.0024658,0.00010314,
494,22.2298,5.5712e-10,2.5253e-09,1.1076e-10,4.1047e-05,0.0025253,0.00053212,
495,22.2468,3.1478e-09,2.4676e-09,8.9024e-11,4.1047e-05,0.0024676,0.00010653,
496,22.2618,6.9487e-10,2.5144e-09,9.7036e-11,4.1047e-05,0.0025144,0.00028951,
497,22.2789,1.7442e-09,2.465e-09,8.6557e-11,4.1047e-05,0.002465,9.2503e-05,
498,22.2927,4.2903e-10,2.5121e-09,1.1212e-10,4.1047e-05,0.0025121,0.00043329,
499,22.3093,5.7024e-09,2.4667e-09,9.0928e-11,4.1047e-05,0.0024667,0.00011969,
500,22.3261,6.5132e-10,2.5015e-09,1.0468e-10,4.1047e-05,0.0025015,0.00041265,
501,22.3462,1.8725e-09,2.4649e-09,8.6941e-11,4.1047e-05,0.0024649,9.342e-05,
502,22.3604,5.3373e-10,2.5472e-09,1.1701e-10,4.1047e-05,0.0025472,0.0005013,
503,22.3801,5.7659e-09,2.4632e-09,9.1084e-11,4.1047e-05,0.0024632,0.00012073,
504,22.3957,7.2634e-10,2.4775e-09,1.0492e-10,4.1047e-05,0.0024775,0.00040031,
505,22.4134,1.8616e-09,2.4658e-09,8.7556e-11,4.1047e-05,0.0024658,9.6263e-05,
506,22.4281,5.2942e-10,2.7091e-09,1.2846e-10,4.1047e-05,0.0027091,0.00072154,
507,22.4455,5.894e-09,2.4586e-09,9.0955e-11,4.1047e-05,0.0024586,0.00012111,
508,22.461,9.42e-10,2.4504e-09,1.0209e-10,4.1047e-05,0.0024503,0.00032459,
509,22.4781,1.8241e-09,2.4671e-09,8.7874e-11,4.1047e-05,0.0024671,9.8591e-05,
510,22.493,4.7207e-10,2.6136e-09,1.1113e-10,4.1047e-05,0.0026136,0.00044769,
511,22.5102,3.1454e-09,2.4611e-09,8.7859e-11,4.1047e-05,0.0024611,9.8497e-05,
512,22.5249,5.9381e-10,2.4122e-09,1.0251e-10,4.1047e-05,0.0024122,0.00032127,
513,22.5419,3.0316e-09,2.466e-09,8.9175e-11,4.1047e-05,0.002466,0.00010758,
514,22.5572,5.0504e-10,2.513e-09,1.0517e-10,4.1047e-05,0.002513,0.00025809,
515,22.5739,3.2044e-09,2.4677e-09,9.0728e-11,4.1047e-05,0.0024677,0.00011657,
516,22.5897,8.3715e-10,2.4662e-09,8.7203e-11,4.1047e-05,0.0024662,9.7682e-05,
517,22.606,8.7344e-10,2.4642e-09,8.4797e-11,4.1047e-05,0.0024642,8.8848e-05,
518,22.6555,7.7761e-10,2.4515e-09,8.4172e-11,4.1038e-05,0.0024515,0.00020726,
519,22.6718,0.00019399,2.538e-09,8.6825e-11,4.1038e-05,0.002538,0.00030102,
520,22.6889,6.2989e-09,2.4779e-09,8.7838e-11,4.1038e-05,0.0024779,9.6834e-05,
521,22.7038,4.6209e-10,2.5343e-09,1.037e-10,4.1038e-05,0.0025343,0.00046127,
522,22.7211,3.0258e-09,2.4754e-09,8.7708e-11,4.1038e-05,0.0024754,0.00010094,
523,22.7358,6.0418e-10,2.5126e-09,8.7396e-11,4.1038e-05,0.0025126,0.00041355,
524,22.7528,3.1318e-09,2.469e-09,8.6304e-11,4.1038e-05,0.002469,0.00010612,
525,22.7685,6.8069e-10,2.4839e-09,8.4048e-11,4.1038e-05,0.0024839,0.0001086,
526,22.7852,8.5326e-10,2.4749e-09,8.4556e-11,4.1038e-05,0.0024748,8.6263e-05,
527,22.8337,4.3546e-10,2.4388e-09,8.87e-11,4.103e-05,0.0024388,0.00022212,
528,22.8488,0.00019763,2.4599e-09,8.7532e-11,4.103e-05,0.0024599,0.00021475,
529,22.8634,3.415e-09,2.4811e-09,9.6787e-11,4.103e-05,0.0024811,0.00030094,
530,22.8796,6.651e-09,2.4503e-09,8.7936e-11,4.103e-05,0.0024503,0.00021564,
531,22.8947,1.2104e-09,2.4518e-09,9.1285e-11,4.103e-05,0.0024518,0.00023936,
532,22.9097,6.5917e-09,2.4994e-09,1.0289e-10,4.103e-05,0.0024994,0.00043011,
533,22.9265,3.719e-09,2.4444e-09,8.849e-11,4.103e-05,0.0024443,0.00021876,
534,22.9422,8.1982e-10,2.4294e-09,1.0878e-10,4.103e-05,0.0024294,0.00057177,
535,22.9583,1.9951e-08,2.3852e-09,9.0109e-11,4.103e-05,0.0023852,0.00042427,
536,22.9754,3.7792e-09,2.4412e-09,8.5158e-11,4.103e-05,0.0024412,0.00020725,
537,23.0045,7.4021e-10,3.0299e-09,1.7716e-10,4.103e-05,0.0030299,0.0013521,
538,23.0215,1.2385e-06,2.4915e-09,1.0351e-10,4.103e-05,0.0024915,0.00027524,
539,23.0385,2.062e-09,2.4504e-09,8.8733e-11,4.103e-05,0.0024504,0.00015674,
540,23.055,1.9494e-09,2.4725e-09,8.5288e-11,4.103e-05,0.0024725,9.8773e-05,
541,23.0734,5.6987e-10,2.4608e-09,8.4878e-11,4.103e-05,0.0024608,8.925e-05,
542,23.0875,7.7718e-10,2.5278e-09,9.5202e-11,4.103e-05,0.0025278,0.00025837,
543,23.1046,5.4891e-09,2.4726e-09,8.5267e-11,4.103e-05,0.0024726,9.3472e-05,
544,23.1195,4.6508e-10,2.4488e-09,8.7782e-11,4.103e-05,0.0024488,0.00025675,
545,23.137,2.8645e-09,2.4594e-09,8.5756e-11,4.103e-05,0.0024594,9.422e-05,
546,23.1518,4.3631e-10,2.4841e-09,9.1947e-11,4.103e-05,0.0024841,0.00033767,
547,23.1692,2.9537e-09,2.4648e-09,8.6697e-11,4.103e-05,0.0024648,9.5444e-05,
548,23.1835,4.7551e-10,2.459e-09,9.6347e-11,4.103e-05,0.002459,0.00052138,
549,23.2007,5.7841e-09,2.4671e-09,8.6017e-11,4.103e-05,0.0024671,9.0286e-05,
550,23.216,6.2692e-10,2.4518e-09,1.0453e-10,4.103e-05,0.0024517,0.00027028,
551,23.2327,1.3752e-08,2.4649e-09,9.298e-11,4.103e-05,0.0024649,0.00014899,
552,23.2493,9.9555e-10,2.4638e-09,8.6062e-11,4.103e-05,0.0024638,8.9126e-05,
553,23.2645,4.9181e-10,2.4846e-09,1.027e-10,4.103e-05,0.0024846,0.00031471,
554,23.28,1.5134e-08,2.5589e-09,9.1613e-11,4.103e-05,0.0025589,0.00042285,
555,23.2965,2.1938e-09,2.4654e-09,8.6007e-11,4.103e-05,0.0024653,9.5418e-05,
556,23.3115,6.0289e-10,2.4814e-09,8.7129e-11,4.103e-05,0.0024814,0.00010812,
557,23.3271,1.4755e-09,2.4609e-09,8.5463e-11,4.103e-05,0.0024609,0.00010136,
558,23.3433,8.2164e-10,2.4773e-09,8.5019e-11,4.103e-05,0.0024773,9.6068e-05,
559,23.3585,7.919e-10,2.4524e-09,8.5427e-11,4.103e-05,0.0024524,0.00013407,
560,23.3749,1.4742e-09,2.4728e-09,8.4666e-11,4.103e-05,0.0024728,9.3916e-05,
561,23.3901,4.9875e-10,2.4535e-09,8.5134e-11,4.103e-05,0.0024535,9.761e-05,
562,23.4064,1.4414e-09,2.5009e-09,8.8982e-11,4.103e-05,0.0025009,0.00018182,
563,23.4232,1.515e-09,2.4684e-09,8.4576e-11,4.103e-05,0.0024683,8.8395e-05,
564,23.4386,3.4188e-10,2.3783e-09,9.1156e-11,4.103e-05,0.0023783,0.00028795,
565,23.4546,1.742e-08,2.4476e-09,8.8745e-11,4.103e-05,0.0024476,0.00014931,
566,23.4715,1.0872e-09,2.4635e-09,8.4541e-11,4.103e-05,0.0024635,8.761e-05,
567,23.5504,3.0673e-10,1.6978e-09,9.0009e-11,4.1021e-05,0.0016978,0.0030707,
568,23.5678,0.00019648,2.5283e-09,1.0722e-10,4.1021e-05,0.0025283,0.00027731,
569,23.5836,3.6626e-09,2.6239e-09,9.8376e-11,4.1021e-05,0.0026239,0.00038872,
570,23.6005,1.9469e-09,2.4677e-09,8.5621e-11,4.1021e-05,0.0024677,9.0026e-05,
571,23.6145,5.0603e-10,2.3292e-09,9.2186e-11,4.1021e-05,0.0023292,0.0002605,
572,23.6317,5.543e-09,2.4755e-09,8.9092e-11,4.1021e-05,0.0024755,0.00011043,
573,23.6474,4.8419e-10,2.4849e-09,8.9833e-11,4.1021e-05,0.0024849,0.0001489,
574,23.6647,1.7128e-09,2.474e-09,8.5733e-11,4.1021e-05,0.002474,9.1778e-05,
575,23.68,5.3216e-10,2.4698e-09,9.0073e-11,4.1021e-05,0.0024698,0.00014188,
576,23.6975,2.8329e-09,2.4746e-09,8.5589e-11,4.1021e-05,0.0024746,9.1347e-05,
577,23.7131,5.2101e-10,2.4753e-09,8.8288e-11,4.1021e-05,0.0024753,0.00014414,
578,23.7292,2.834e-09,2.4756e-09,8.5722e-11,4.1021e-05,0.0024756,9.0952e-05,
579,23.7434,5.1612e-10,2.4682e-09,9.8681e-11,4.1021e-05,0.0024682,0.00027313,
580,23.76,5.5546e-09,2.4749e-09,8.9955e-11,4.1021e-05,0.0024749,0.0001185,
581,23.7755,5.1103e-10,2.4716e-09,8.8505e-11,4.1021e-05,0.0024716,0.00018029,
582,23.7927,1.8201e-09,2.477e-09,8.7216e-11,4.1021e-05,0.002477,9.6088e-05,
583,23.8065,3.5498e-10,2.444e-09,9.8364e-11,4.1021e-05,0.002444,0.00075371,
584,23.8235,5.8923e-09,2.4743e-09,8.6532e-11,4.1021e-05,0.0024743,9.459e-05,
585,23.838,8.6695e-10,2.4659e-09,9.2429e-11,4.1021e-05,0.0024659,0.00056718,
586,23.8545,5.8724e-09,2.4606e-09,8.5735e-11,4.1021e-05,0.0024606,0.00010884,
587,23.8708,7.6878e-10,2.4768e-09,9.0128e-11,4.1021e-05,0.0024768,0.00025871,
588,23.8874,1.627e-09,2.4793e-09,8.5458e-11,4.1021e-05,0.0024792,9.1165e-05,
589,23.9027,4.0231e-10,2.4691e-09,9.7498e-11,4.1021e-05,0.0024691,0.00026439,
590,23.9181,1.1618e-08,2.5779e-09,1.1215e-10,4.1021e-05,0.0025779,0.00046122,
591,23.9349,3.4685e-09,2.4774e-09,9.1795e-11,4.1021e-05,0.0024774,0.00013419,
592,23.9507,7.1045e-10,2.4942e-09,9.6519e-11,4.1021e-05,0.0024942,0.00021201,
593,23.9674,1.9753e-09,2.4781e-09,8.808e-11,4.1021e-05,0.0024781,0.00010206,
594,23.9826,4.0477e-10,2.5012e-09,9.9295e-11,4.1021e-05,0.0025011,0.00024535,
595,24.0012,3.0989e-09,2.4756e-09,8.9143e-11,4.1021e-05,0.0024756,0.00011383,
596,24.0168,4.7567e-10,2.4926e-09,9.3841e-11,4.1021e-05,0.0024925,0.00016903,
597,24.0339,1.7749e-09,2.4774e-09,8.7065e-11,4.1021e-05,0.0024774,9.4882e-05,
598,24.048,3.43e-10,2.5235e-09,1.2258e-10,4.1021e-05,0.0025235,0.00072493,
599,24.0649,5.8802e-09,2.4759e-09,8.668e-11,4.1021e-05,0.0024759,9.4526e-05,
600,24.0802,8.3646e-10,2.5806e-09,1.2142e-10,4.1021e-05,0.0025806,0.00066497,
601,24.0995,5.8524e-09,2.4717e-09,8.8689e-11,4.1021e-05,0.0024717,0.00011047,
602,24.1149,9.1225e-10,2.4762e-09,9.8728e-11,4.1021e-05,0.0024762,0.00033164,
603,24.1316,1.7764e-09,2.4773e-09,8.6086e-11,4.1021e-05,0.0024773,9.1758e-05,
604,24.1472,4.5394e-10,2.4655e-09,1.0059e-10,4.1021e-05,0.0024655,0.00030014,
605,24.1645,1.1491e-08,2.4437e-09,8.876e-11,4.1021e-05,0.0024437,0.0002005,
606,24.1814,2.2274e-09,2.4769e-09,8.5443e-11,4.1021e-05,0.0024769,8.9746e-05,
607,24.1974,3.3914e-10,2.4983e-09,1.0687e-10,4.1021e-05,0.0024982,0.00036778,
608,24.2136,2.0655e-08,2.5418e-09,9.4562e-11,4.1021e-05,0.0025418,0.00029319,
609,24.2311,2.7363e-09,2.4749e-09,8.5468e-11,4.1021e-05,0.0024749,8.9452e-05,
610,24.2462,4.171e-10,2.4913e-09,1.0659e-10,4.1021e-05,0.0024913,0.00036575,
611,24.2624,1.8306e-08,2.4753e-09,8.6956e-11,4.1021e-05,0.0024753,0.00027558,
612,24.2795,2.7251e-09,2.4748e-09,8.5518e-11,4.1021e-05,0.0024748,8.9051e-05,
613,24.2944,3.9748e-10,2.4878e-09,1.0665e-10,4.1021e-05,0.0024878,0.00033933,
614,24.311,1.7471e-08,2.4938e-09,9.0205e-11,4.1021e-05,0.0024938,0.00021335,
615,24.328,2.4641e-09,2.476e-09,8.6485e-11,4.1021e-05,0.0024759,9.3244e-05,
616,24.342,3.6877e-10,2.4777e-09,9.8503e-11,4.1021e-05,0.0024777,0.00061606,
617,24.3591,5.7806e-09,2.4779e-09,8.7158e-11,4.1021e-05,0.0024779,9.6673e-05,
618,24.3737,7.426e-10,2.4828e-09,9.3162e-11,4.1021e-05,0.0024828,0.00033219,
619,24.3904,2.9917e-09,2.4751e-09,8.8276e-11,4.1021e-05,0.0024751,0.00010434,
620,24.4051,5.1819e-10,2.4786e-09,1.0199e-10,4.1021e-05,0.0024786,0.00059112,
621,24.4217,3.1619e-09,2.4765e-09,8.922e-11,4.1021e-05,0.0024765,0.00011073,
622,24.4372,7.4735e-10,2.4473e-09,8.6201e-11,4.1021e-05,0.0024473,0.00033909,
623,24.4538,1.8253e-09,2.4769e-09,8.5987e-11,4.1021e-05,0.0024769,9.0819e-05,
624,24.468,4.7395e-10,2.4836e-09,9.6481e-11,4.1021e-05,0.0024836,0.0002877,
625,24.4853,5.5561e-09,2.4772e-09,8.9898e-11,4.1021e-05,0.0024772,0.0001178,
626,24.5009,5.2225e-10,2.4657e-09,9.0694e-11,4.1021e-05,0.0024657,0.00017641,
627,24.5179,1.8023e-09,2.4754e-09,8.699e-11,4.1021e-05,0.0024754,9.6783e-05,
628,24.5328,3.5905e-10,2.4867e-09,1.0493e-10,4.1021e-05,0.0024867,0.00084576,
629,24.5496,5.8788e-09,2.4712e-09,8.7381e-11,4.1021e-05,0.0024712,0.00010615,
630,24.565,9.9026e-10,2.4538e-09,8.7291e-11,4.1021e-05,0.0024538,0.00026057,
631,24.5818,1.6982e-09,2.4769e-09,8.6142e-11,4.1021e-05,0.0024769,9.2232e-05,
632,24.5961,4.0173e-10,2.5072e-09,1.073e-10,4.1021e-05,0.0025072,0.00055238,
633,24.613,5.689e-09,2.475e-09,8.9569e-11,4.1021e-05,0.002475,0.00012505,
634,24.6293,7.606e-10,2.4641e-09,9.0622e-11,4.1021e-05,0.0024641,0.00015847,
635,24.6459,1.8676e-09,2.4749e-09,8.6002e-11,4.1021e-05,0.0024749,9.7059e-05,
636,24.6612,5.8912e-10,2.4755e-09,8.616e-11,4.1021e-05,0.0024755,0.00010693,
637,24.6778,1.4963e-09,2.4753e-09,8.4568e-11,4.1021e-05,0.0024753,8.9004e-05,
638,24.6924,8.0354e-10,2.4799e-09,8.7029e-11,4.1021e-05,0.0024799,9.4383e-05,
639,24.7073,5.4307e-09,2.4599e-09,9.4323e-11,4.1021e-05,0.0024599,0.00034185,
640,24.7243,2.9722e-09,2.4742e-09,8.7388e-11,4.1021e-05,0.0024742,9.8669e-05,
641,24.7395,4.8311e-10,2.4537e-09,8.7692e-11,4.1021e-05,0.0024537,0.00029075,
642,24.7572,3.2074e-09,2.4749e-09,8.5518e-11,4.1021e-05,0.0024749,8.8416e-05,
643,24.887,4.0544e-10,4.812e-09,2.9584e-10,4.1012e-05,0.0048119,0.0022428,
644,24.9058,0.00017797,2.5087e-09,1.0789e-10,4.1012e-05,0.0025087,0.00027658,
645,24.9223,1.5688e-08,2.5004e-09,9.6625e-11,4.1012e-05,0.0025004,0.00019543,
646,24.9414,1.1526e-09,2.4644e-09,8.7181e-11,4.1012e-05,0.0024644,8.6523e-05,
647,24.9557,3.4179e-10,2.2869e-09,1.1848e-10,4.1012e-05,0.0022869,0.00072095,
648,24.9743,5.3085e-09,2.4735e-09,8.7897e-11,4.1012e-05,0.0024735,9.2018e-05,
649,24.9892,8.4242e-10,2.7026e-09,1.0626e-10,4.1012e-05,0.0027026,0.00040154,
650,25.0068,2.8082e-09,2.463e-09,8.9065e-11,4.1012e-05,0.002463,0.00010097,
651,25.0225,5.7863e-10,2.4128e-09,1.0055e-10,4.1012e-05,0.0024128,0.00031565,
652,25.0394,1.6203e-09,2.4677e-09,8.6548e-11,4.1012e-05,0.0024677,8.3964e-05,
653,25.0538,4.2522e-10,2.7906e-09,1.1336e-10,4.1012e-05,0.0027906,0.00058997,
654,25.0721,5.2214e-09,2.4608e-09,8.9356e-11,4.1012e-05,0.0024608,0.00010324,
655,25.0873,7.7126e-10,2.4178e-09,9.8438e-11,4.1012e-05,0.0024178,0.00027426,
656,25.1048,1.5976e-09,2.4669e-09,8.6866e-11,4.1012e-05,0.0024669,8.6038e-05,
657,25.1199,3.9769e-10,2.5645e-09,1.0613e-10,4.1012e-05,0.0025645,0.00029861,
658,25.1362,5.2065e-09,2.4785e-09,9.2003e-11,4.1012e-05,0.0024785,0.0001231,
659,25.1525,9.4719e-10,2.4664e-09,8.6883e-11,4.1012e-05,0.0024664,8.4817e-05,
660,25.1692,4.8964e-10,2.4657e-09,8.7585e-11,4.1012e-05,0.0024657,9.1858e-05,
661,25.1849,1.3388e-09,2.4654e-09,8.5239e-11,4.1012e-05,0.0024654,7.9994e-05,
662,25.1992,7.1584e-10,2.4646e-09,8.6304e-11,4.1012e-05,0.0024646,8.2497e-05,
663,25.2137,4.9158e-09,2.4861e-09,1.1338e-10,4.1012e-05,0.0024861,0.00045875,
664,25.2305,5.1191e-09,2.4665e-09,8.9355e-11,4.1012e-05,0.0024665,0.00010642,
665,25.2458,6.1576e-10,2.4619e-09,9.6226e-11,4.1012e-05,0.0024619,0.00023116,
666,25.2642,1.7765e-09,2.4651e-09,8.5003e-11,4.1012e-05,0.0024651,7.9226e-05,
667,25.4046,3.3436e-10,2.4794e-09,8.6327e-11,4.1003e-05,0.0024794,0.00022752,
668,25.4215,0.00023289,2.4789e-09,8.4623e-11,4.1003e-05,0.0024789,0.00010051,
669,25.4642,3.7624e-10,2.442e-09,8.4374e-11,4.0995e-05,0.002442,0.00020383,
670,25.5266,0.00017256,2.5756e-09,1.7186e-10,4.0994e-05,0.0025756,0.0011577,
671,25.5437,4.14e-06,2.2838e-09,1.1161e-10,4.0994e-05,0.0022838,0.00078221,
672,25.5606,7.9201e-09,2.4234e-09,8.7184e-11,4.0994e-05,0.0024234,0.00024238,
673,25.5757,1.2116e-09,2.2085e-09,1.1608e-10,4.0994e-05,0.0022085,0.0012379,
674,25.5927,7.3103e-09,2.4521e-09,8.9325e-11,4.0994e-05,0.0024521,0.0002128,
675,25.6085,1.4989e-09,2.527e-09,9.2659e-11,4.0994e-05,0.002527,0.00037293,
676,25.6261,2.8092e-09,2.4648e-09,8.6892e-11,4.0994e-05,0.0024648,8.3938e-05,
677,25.6419,4.8722e-10,2.4097e-09,9.8091e-11,4.0994e-05,0.0024096,0.00039031,
678,25.6589,2.6679e-09,2.4682e-09,8.6241e-11,4.0994e-05,0.0024682,8.3922e-05,
679,25.6741,5.1974e-10,2.4756e-09,9.1649e-11,4.0994e-05,0.0024755,0.00028549,
680,25.6911,2.5711e-09,2.4627e-09,8.7901e-11,4.0994e-05,0.0024627,9.2417e-05,
681,25.7069,4.4011e-10,2.4565e-09,9.4948e-11,4.0994e-05,0.0024564,0.00023823,
682,25.7243,2.7363e-09,2.467e-09,8.9208e-11,4.0994e-05,0.002467,0.00010873,
683,25.7414,4.7739e-10,2.4592e-09,9.1161e-11,4.0994e-05,0.0024591,0.00016709,
684,25.7594,1.6257e-09,2.4641e-09,8.7107e-11,4.0994e-05,0.0024641,8.6342e-05,
685,25.7748,3.3115e-10,2.4591e-09,9.1397e-11,4.0994e-05,0.0024591,0.00044244,
686,25.7918,2.7466e-09,2.4653e-09,8.578e-11,4.0994e-05,0.0024653,7.8002e-05,
687,25.8054,5.2964e-10,2.3238e-09,9.3545e-11,4.0994e-05,0.0023238,0.00062652,
688,25.828,9.604e-09,2.4551e-09,8.6442e-11,4.0994e-05,0.0024551,8.533e-05,
689,25.845,8.4353e-10,2.466e-09,8.6971e-11,4.0994e-05,0.0024659,0.00011804,
690,25.8625,1.3082e-09,2.461e-09,8.4897e-11,4.0994e-05,0.002461,7.7153e-05,
691,25.8848,4.1744e-10,2.4715e-09,8.7487e-11,4.0994e-05,0.0024715,0.00010871,
692,25.904,2.3969e-09,2.4586e-09,8.5324e-11,4.0994e-05,0.0024586,7.9985e-05,
693,25.9228,4.3062e-10,2.472e-09,8.5289e-11,4.0994e-05,0.002472,8.2235e-05,
694,25.9418,1.2394e-09,2.4369e-09,8.6425e-11,4.0994e-05,0.0024369,0.00013195,
695,25.9599,1.2828e-09,2.4615e-09,8.5083e-11,4.0994e-05,0.0024615,7.5886e-05,
696,25.9753,2.792e-10,2.4841e-09,9.8286e-11,4.0994e-05,0.0024841,0.00040571,
697,25.9935,9.2995e-09,2.4742e-09,8.7762e-11,4.0994e-05,0.0024742,9.5007e-05,
698,26.0096,6.0107e-10,2.4444e-09,8.9454e-11,4.0994e-05,0.0024444,0.00026768,
699,26.0281,1.4907e-09,2.4645e-09,8.6036e-11,4.0994e-05,0.0024645,7.8502e-05,
700,26.0429,3.6981e-10,2.4806e-09,8.7906e-11,4.0994e-05,0.0024806,0.00044831,
701,26.0628,9.6212e-09,2.4622e-09,8.4698e-11,4.0994e-05,0.0024622,7.668e-05,
702,26.0777,5.4326e-10,2.4949e-09,9.3852e-11,4.0994e-05,0.0024949,0.00026785,
703,26.0954,4.7361e-09,2.4689e-09,8.6956e-11,4.0994e-05,0.0024689,8.5963e-05,
704,26.1104,4.2385e-10,2.4668e-09,9.3444e-11,4.0994e-05,0.0024668,0.00041971,
705,26.1278,2.6584e-09,2.4675e-09,8.7294e-11,4.0994e-05,0.0024675,8.6878e-05,
706,26.1429,5.3392e-10,2.47e-09,8.8383e-11,4.0994e-05,0.0024699,0.0004069,
707,26.1603,2.7437e-09,2.4668e-09,8.6176e-11,4.0994e-05,0.0024668,8.0348e-05,
708,26.1754,5.337e-10,2.4546e-09,8.8965e-11,4.0994e-05,0.0024546,0.00016478,
709,26.1927,2.4661e-09,2.4643e-09,8.6531e-11,4.0994e-05,0.0024643,8.4704e-05,
710,26.208,3.2674e-10,2.4587e-09,9.2689e-11,4.0994e-05,0.0024587,0.00018541,
711,26.2247,2.6031e-09,2.4643e-09,8.7828e-11,4.0994e-05,0.0024643,9.4009e-05,
712,26.2401,3.7835e-10,2.4625e-09,9.1411e-11,4.0994e-05,0.0024625,0.00026208,
713,26.2568,2.7649e-09,2.4666e-09,8.9051e-11,4.0994e-05,0.0024666,0.00010984,
714,26.2727,4.8727e-10,2.4573e-09,9.0443e-11,4.0994e-05,0.0024573,0.00017661,
715,26.2896,1.6422e-09,2.4642e-09,8.6789e-11,4.0994e-05,0.0024642,8.4842e-05,
716,26.3043,3.2855e-10,2.4599e-09,9.024e-11,4.0994e-05,0.0024599,0.00037413,
717,26.3213,2.7508e-09,2.4652e-09,8.5368e-11,4.0994e-05,0.0024652,7.6278e-05,
718,26.3361,4.5924e-10,2.4631e-09,1.144e-10,4.0994e-05,0.0024631,0.00035461,
719,26.3525,2.4761e-08,2.4971e-09,9.8851e-11,4.0994e-05,0.0024971,0.00027192,
720,26.3695,2.6117e-09,2.4644e-09,8.6097e-11,4.0994e-05,0.0024644,7.8339e-05,
721,26.3836,3.8451e-10,2.436e-09,1.0381e-10,4.0994e-05,0.002436,0.00033798,
722,26.4006,4.8106e-09,2.4653e-09,8.9794e-11,4.0994e-05,0.0024653,0.0001062,
723,26.4165,5.3274e-10,2.4797e-09,9.4529e-11,4.0994e-05,0.0024797,0.00015629,
724,26.4335,1.599e-09,2.466e-09,8.7295e-11,4.0994e-05,0.002466,8.5394e-05,
725,26.4487,3.2251e-10,2.4587e-09,9.5763e-11,4.0994e-05,0.0024587,0.00019573,
726,26.4655,2.6189e-09,2.4644e-09,8.8286e-11,4.0994e-05,0.0024643,9.4753e-05,
727,26.4808,3.8631e-10,2.4821e-09,1.0373e-10,4.0994e-05,0.0024821,0.00026737,
728,26.4975,2.776e-09,2.4672e-09,8.9979e-11,4.0994e-05,0.0024672,0.00011006,
729,26.5133,4.9121e-10,2.4646e-09,9.4472e-11,4.0994e-05,0.0024646,0.00017688,
730,26.5308,1.6444e-09,2.4645e-09,8.7114e-11,4.0994e-05,0.0024645,8.4823e-05,
731,26.5457,3.2869e-10,2.4919e-09,1.0397e-10,4.0994e-05,0.0024918,0.00037553,
732,26.5627,2.7498e-09,2.4647e-09,8.5387e-11,4.0994e-05,0.0024647,7.6335e-05,
733,26.5775,4.6107e-10,2.4604e-09,1.1499e-10,4.0994e-05,0.0024604,0.00036697,
734,26.594,2.2163e-08,2.4899e-09,9.2724e-11,4.0994e-05,0.0024899,0.00026079,
735,26.6109,2.6947e-09,2.4637e-09,8.5422e-11,4.0994e-05,0.0024637,7.7719e-05,
736,26.6249,3.6708e-10,2.3825e-09,9.14e-11,4.0994e-05,0.0023825,0.00035843,
737,26.6419,4.8199e-09,2.4658e-09,8.8706e-11,4.0994e-05,0.0024658,9.9469e-05,
738,26.6577,5.3626e-10,2.47e-09,8.8218e-11,4.0994e-05,0.00247,0.00011823,
739,26.674,1.5125e-09,2.465e-09,8.5367e-11,4.0994e-05,0.002465,8.1545e-05,
740,26.6892,4.762e-10,2.4634e-09,8.5895e-11,4.0994e-05,0.0024634,8.6909e-05,
741,26.7051,1.2689e-09,2.4649e-09,8.4522e-11,4.0994e-05,0.0024649,7.5977e-05,
742,26.7193,6.808e-10,2.4644e-09,8.5785e-11,4.0994e-05,0.0024644,7.8439e-05,
743,26.7333,4.6496e-09,2.4499e-09,9.1855e-11,4.0994e-05,0.0024499,0.00047861,
744,26.7503,4.8643e-09,2.4666e-09,8.8606e-11,4.0994e-05,0.0024666,0.00010209,
745,26.7655,6.2706e-10,2.465e-09,8.7096e-11,4.0994e-05,0.002465,0.00028118,
746,26.7823,1.6799e-09,2.4639e-09,8.5109e-11,4.0994e-05,0.0024639,7.5152e-05,
747,26.8987,3.7026e-10,2.944e-09,1.1799e-10,4.0984e-05,0.002944,0.00056025,
748,26.9154,0.00024197,2.4736e-09,9.2383e-11,4.0984e-05,0.0024736,0.00014173,
749,26.9313,8.5334e-10,2.4679e-09,9.7212e-11,4.0984e-05,0.0024679,0.00021301,
750,26.9487,2.1349e-09,2.4771e-09,8.8786e-11,4.0984e-05,0.0024771,0.00011429,
751,26.9636,4.3503e-10,2.3562e-09,1.0814e-10,4.0984e-05,0.0023562,0.00055222,
752,26.9812,3.6631e-09,2.4786e-09,8.6111e-11,4.0984e-05,0.0024786,0.00010531,
753,26.9963,6.775e-10,2.4738e-09,1.0298e-10,4.0984e-05,0.0024738,0.00034683,
754,27.0128,1.5381e-08,2.4538e-09,8.6644e-11,4.0984e-05,0.0024538,0.00018332,
755,27.0296,2.561e-09,2.4759e-09,8.5423e-11,4.0984e-05,0.0024759,0.00010244,
756,27.8393,3.5453e-10,7.1551e-08,6.7377e-09,3.8341e-05,0.071369,0.11025,
757,27.8634,0.041968,2.4379e-09,1.05e-10,3.8341e-05,0.0024379,0.00064076,
758,27.8799,1.9832e-07,2.3569e-09,8.4239e-11,3.8341e-05,0.0023569,0.00016625,
759,27.9577,8.5156e-10,2.3543e-09,8.9897e-11,3.8331e-05,0.0023543,0.00024409,
760,27.9739,6.6506e-05,2.3483e-09,8.3816e-11,3.8331e-05,0.0023483,0.00016472,
761,27.9883,9.2539e-10,2.3408e-09,8.4288e-11,3.8331e-05,0.0023408,0.00019887,
762,28.0056,5.0953e-09,2.3304e-09,8.5662e-11,3.8331e-05,0.0023304,0.00019228,
763,28.0213,1.5529e-09,2.3593e-09,8.1358e-11,3.8331e-05,0.0023593,0.00016474,
764,28.0361,1.4189e-09,2.2964e-09,8.9152e-11,3.8331e-05,0.0022964,0.00026407,
765,28.0529,5.1256e-09,2.3539e-09,8.3937e-11,3.8331e-05,0.0023539,0.0001608,
766,28.0674,5.5827e-10,2.29e-09,8.9437e-11,3.8331e-05,0.00229,0.00036368,
767,28.084,1.008e-08,2.3454e-09,8.3801e-11,3.8331e-05,0.0023454,0.00016999,
768,28.1,6.6182e-10,2.4395e-09,9.4628e-11,3.8331e-05,0.0024395,0.00045413,
769,28.1168,4.431e-09,2.3504e-09,8.7104e-11,3.8331e-05,0.0023504,0.00013575,
770,28.1335,8.4027e-10,2.3592e-09,8.589e-11,3.8331e-05,0.0023592,0.00016377,
771,28.1504,1.0477e-09,2.3695e-09,8.4484e-11,3.8331e-05,0.0023695,9.5611e-05,
772,29.0118,3.282e-10,1.6154e-07,1.1097e-08,3.7236e-05,0.15947,0.19153,
773,29.0378,0.016735,2.378e-09,8.3979e-11,3.7236e-05,0.002378,0.00026978,
774,29.0525,3.4689e-07,2.5223e-09,1.1757e-10,3.7236e-05,0.0025223,0.00072944,
775,29.0692,8.2137e-09,2.3637e-09,9.2664e-11,3.7236e-05,0.0023637,0.00026838,
776,29.087,1.4881e-09,2.3034e-09,9.1686e-11,3.7236e-05,0.0023034,0.00037892,
777,29.1032,4.1483e-09,2.3597e-09,8.3383e-11,3.7236e-05,0.0023596,0.00024228,
778,29.1191,1.3538e-09,2.4089e-09,1.0297e-10,3.7236e-05,0.0024089,0.0003414,
779,29.1343,1.8886e-08,2.5158e-09,9.149e-11,3.7236e-05,0.0025158,0.00081337,
780,29.1509,4.9704e-09,2.3603e-09,8.2418e-11,3.7236e-05,0.0023603,0.00024299,
781,29.1673,1.2348e-09,2.3901e-09,1.1512e-10,3.7236e-05,0.0023901,0.00059653,
782,29.1853,2.464e-08,2.3412e-09,9.1107e-11,3.7236e-05,0.0023412,0.00035176,
783,29.2016,2.2446e-09,2.375e-09,8.6768e-11,3.7236e-05,0.002375,0.00023892,
784,29.2814,1.2475e-09,2.3849e-09,9.6984e-11,3.7233e-05,0.0023849,0.00028444,
785,29.2963,1.3569e-05,2.448e-09,1.024e-10,3.7233e-05,0.002448,0.00055365,
786,29.313,4.3288e-09,2.3615e-09,8.1515e-11,3.7233e-05,0.0023615,0.00025018,
787,29.3282,9.769e-10,2.6199e-09,1.1214e-10,3.7233e-05,0.0026199,0.00070714,
788,29.3459,5.9281e-09,2.3899e-09,9.2871e-11,3.7233e-05,0.0023899,0.00017389,
789,29.3624,1.3525e-09,2.4147e-09,8.9524e-11,3.7233e-05,0.0024147,0.00012578,
790,29.3786,7.3326e-10,2.3987e-09,8.6001e-11,3.7233e-05,0.0023987,9.155e-05,
791,29.4389,4.7954e-10,2.3773e-09,8.5681e-11,3.7213e-05,0.0023773,0.00014355,
792,29.4531,0.00044559,2.2676e-09,1.2343e-10,3.7213e-05,0.0022676,0.0007137,
793,29.4704,8.8056e-09,2.3905e-09,8.9948e-11,3.7213e-05,0.0023905,0.00017341,
794,29.4857,1.0777e-09,2.4261e-09,1.1481e-10,3.7213e-05,0.0024261,0.00054298,
795,29.5024,2.7203e-09,2.3857e-09,8.5247e-11,3.7213e-05,0.0023857,0.00014255,
796,29.5185,7.2944e-10,2.408e-09,1.0965e-10,3.7213e-05,0.002408,0.00042731,
797,29.5355,1.7467e-08,2.3913e-09,9.0123e-11,3.7213e-05,0.0023913,0.00021406,
798,29.552,1.4764e-09,2.384e-09,8.4144e-11,3.7213e-05,0.002384,0.00013804,
799,30.3677,7.2335e-10,9.0655e-08,6.1635e-09,3.369e-05,0.090285,0.13174,
800,30.3896,0.063777,4.1726e-09,2.2138e-10,3.369e-05,0.0041725,0.0022939,
801,30.4107,1.7399e-07,1.8987e-09,1.2242e-10,3.369e-05,0.0018987,0.00097915,
802,30.4266,1.5513e-08,1.9987e-09,1.0068e-10,3.369e-05,0.0019987,0.00066155,
803,31.3001,3.4676e-09,2.0588e-08,1.7913e-09,3.2337e-05,0.020583,0.027671,
804,31.3227,0.011217,2.9754e-09,2.229e-10,3.2338e-05,0.0029754,0.0018187,
805,31.3423,5.0522e-08,2.0561e-09,1.1839e-10,3.2338e-05,0.0020561,0.0011325,
806,31.3589,6.989e-09,2.2385e-09,9.4351e-11,3.2337e-05,0.0022385,0.00044671,
807,31.432,1.8669e-09,2.3655e-09,1.1588e-10,3.2317e-05,0.0023655,0.00061778,
808,31.4498,4.952e-05,2.4413e-09,1.0513e-10,3.2317e-05,0.0024412,0.00072826,
809,31.4663,4.6999e-09,2.2403e-09,8.7848e-11,3.2317e-05,0.0022403,0.00036736,
810,31.4825,1.5319e-09,2.4302e-09,1.215e-10,3.2317e-05,0.0024302,0.00072907,
811,31.498,2.319e-08,2.422e-09,1.0316e-10,3.2317e-05,0.002422,0.00079843,
812,31.514,4.9597e-09,2.2285e-09,8.7586e-11,3.2317e-05,0.0022285,0.0004668,
813,31.5325,2.2506e-09,2.2632e-09,8.7463e-11,3.2317e-05,0.0022631,0.00036708,
814,31.5485,1.9345e-09,2.2293e-09,8.8036e-11,3.2317e-05,0.0022293,0.00037442,
815,32.4258,1.4371e-08,4.7569e-08,3.5276e-09,3.0961e-05,0.047515,0.062651,
816,32.4499,0.020628,2.0747e-09,9.6183e-11,3.0961e-05,0.0020746,0.00052926,
817,32.4664,1.2717e-07,2.0455e-09,8.8741e-11,3.0961e-05,0.0020454,0.00043875,
818,32.7145,2.2149e-09,2.4003e-09,1.0114e-10,3.0582e-05,0.0024003,0.00072132,
819,32.7313,0.0020073,2.1701e-09,8.0708e-11,3.0582e-05,0.0021701,0.0002127,
820,32.7554,1.048e-09,3.5488e-09,1.7234e-10,3.0582e-05,0.0035488,0.0021961,
821,32.774,8.0407e-08,2.1652e-09,8.8391e-11,3.0582e-05,0.0021652,0.00023494,
822,32.7897,2.7455e-09,2.0792e-09,8.9911e-11,3.0582e-05,0.0020792,0.00040535,
823,32.8068,1.9234e-09,2.1925e-09,8.1495e-11,3.0582e-05,0.0021925,0.00013276,
824,32.9114,6.1201e-10,3.4374e-09,2.4259e-10,3.0565e-05,0.0034374,0.0020292,
825,32.9276,0.00024379,1.6221e-09,1.3053e-10,3.0565e-05,0.0016221,0.0011018,
826,32.9445,7.6658e-09,2.179e-09,1.0192e-10,3.0565e-05,0.002179,0.00027667,
827,32.9607,1.6948e-09,2.1714e-09,8.7697e-11,3.0565e-05,0.0021714,0.00021266,
828,32.978,2.0633e-09,2.1874e-09,8.1183e-11,3.0565e-05,0.0021874,0.00010136,
829,33.1041,3.7892e-10,2.1726e-09,8.1737e-11,3.0551e-05,0.0021726,0.00013829,
830,33.1191,0.00027557,2.2318e-09,9.3615e-11,3.0551e-05,0.0022318,0.00028689,
831,33.1365,2.1111e-09,2.1954e-09,8.079e-11,3.0551e-05,0.0021954,0.00011946,
832,33.2775,4.7845e-10,2.1697e-09,7.9874e-11,3.0538e-05,0.0021697,0.00014346,
833,33.2929,0.00022486,2.2227e-09,8.1095e-11,3.0538e-05,0.0022227,0.00016897,
834,33.3097,1.0254e-09,2.1875e-09,8.0199e-11,3.0538e-05,0.0021875,9.7875e-05,
835,33.3262,3.5576e-10,2.1038e-09,8.2461e-11,3.0538e-05,0.0021038,0.00026368,
836,33.3418,2.5661e-08,2.1134e-09,9.2474e-11,3.0538e-05,0.0021134,0.00035344,
837,33.3589,1.8279e-09,2.1862e-09,8.0436e-11,3.0538e-05,0.0021862,9.8766e-05,
838,33.373,5.1837e-10,2.1275e-09,8.9103e-11,3.0538e-05,0.0021275,0.00019375,
839,33.3891,6.0822e-09,2.1799e-09,8.2019e-11,3.0538e-05,0.0021799,0.00011242,
840,33.4051,6.4902e-10,2.1736e-09,8.0734e-11,3.0538e-05,0.0021736,0.00010074,
841,33.4197,8.7145e-10,2.1794e-09,8.5706e-11,3.0538e-05,0.0021794,0.0001973,
842,33.4369,3.1304e-09,2.1868e-09,8.0606e-11,3.0538e-05,0.0021868,9.909e-05,
843,33.4518,4.0518e-10,2.1227e-09,8.191e-11,3.0538e-05,0.0021227,0.00023953,
844,33.4674,1.4559e-08,2.147e-09,8.7647e-11,3.0538e-05,0.002147,0.0002015,
845,33.4867,2.055e-09,2.1841e-09,8.1998e-11,3.0538e-05,0.0021841,0.00010371,
846,33.5006,4.0344e-10,2.0486e-09,1.1733e-10,3.0538e-05,0.0020486,0.00077372,
847,33.5178,6.3933e-09,2.1807e-09,8.5803e-11,3.0538e-05,0.0021807,0.00013136,
848,33.5335,9.8527e-10,2.1681e-09,1.0035e-10,3.0538e-05,0.0021681,0.00042189,
849,33.5507,2.0944e-09,2.1841e-09,8.1664e-11,3.0538e-05,0.0021841,0.00010139,
850,33.5678,5.7855e-10,2.1755e-09,8.8583e-11,3.0538e-05,0.0021755,0.00017165,
851,33.5839,3.1607e-09,2.1841e-09,8.2157e-11,3.0538e-05,0.0021841,0.00010122,
852,33.5987,5.8269e-10,2.1956e-09,8.8273e-11,3.0538e-05,0.0021956,0.00015805,
853,33.6149,3.1508e-09,2.1872e-09,8.1795e-11,3.0538e-05,0.0021872,0.00010096,
854,33.6295,5.7387e-10,2.1805e-09,8.6803e-11,3.0538e-05,0.0021804,0.00014756,
855,33.6483,3.1339e-09,2.1866e-09,8.1825e-11,3.0538e-05,0.0021866,0.00010079,
856,33.6627,5.6568e-10,2.1853e-09,8.6785e-11,3.0538e-05,0.0021853,0.0001423,
857,33.6795,3.1288e-09,2.1887e-09,8.1825e-11,3.0538e-05,0.0021887,0.00010109,
858,33.6943,5.6291e-10,2.1763e-09,8.6188e-11,3.0538e-05,0.0021763,0.00013704,
859,33.7105,3.121e-09,2.188e-09,8.1898e-11,3.0538e-05,0.0021879,0.00010189,
860,33.7269,5.6342e-10,2.1859e-09,8.412e-11,3.0538e-05,0.0021859,0.00014758,
861,33.7433,3.123e-09,2.198e-09,8.1949e-11,3.0538e-05,0.002198,0.00010639,
862,33.7589,5.9348e-10,2.177e-09,8.2263e-11,3.0538e-05,0.002177,0.00010722,
863,33.7742,1.6148e-09,2.223e-09,8.6204e-11,3.0538e-05,0.002223,0.00016473,
864,33.7902,1.6696e-09,2.1834e-09,8.1325e-11,3.0538e-05,0.0021834,0.00010118,
865,33.8066,5.5033e-10,2.2217e-09,8.5566e-11,3.0538e-05,0.0022217,0.00014821,
866,33.8228,3.1001e-09,2.1855e-09,8.3263e-11,3.0538e-05,0.0021855,0.00011189,
867,33.8388,5.8825e-10,2.1914e-09,8.0433e-11,3.0538e-05,0.0021914,9.9092e-05,
868,33.8539,8.5829e-10,2.1007e-09,8.9603e-11,3.0538e-05,0.0021007,0.00031572,
869,33.8694,1.6591e-08,2.1081e-09,9.9847e-11,3.0538e-05,0.0021081,0.00048228,
870,33.8871,2.5536e-09,2.1847e-09,8.2945e-11,3.0538e-05,0.0021847,0.00010818,
871,33.9016,6.6745e-10,2.1768e-09,9.9599e-11,3.0538e-05,0.0021768,0.00035754,
872,33.9189,3.3141e-09,2.1825e-09,8.4718e-11,3.0538e-05,0.0021825,0.00011822,
873,33.9334,5.6957e-10,2.1874e-09,1.1164e-10,3.0538e-05,0.0021874,0.00063236,
874,33.9501,3.585e-09,2.1818e-09,8.2386e-11,3.0538e-05,0.0021818,0.00010759,
875,33.9669,7.9261e-10,2.1804e-09,9.871e-11,3.0538e-05,0.0021804,0.00038744,
876,33.9835,3.3371e-09,2.1851e-09,8.3975e-11,3.0538e-05,0.0021851,0.00011411,
877,33.9985,5.9146e-10,2.2831e-09,1.1074e-10,3.0538e-05,0.0022831,0.00058523,
878,34.0151,3.4979e-09,2.1812e-09,8.3931e-11,3.0538e-05,0.0021812,0.00012082,
879,34.0303,7.7763e-10,2.1205e-09,9.3676e-11,3.0538e-05,0.0021205,0.00034015,
880,34.0486,2.0093e-09,2.1855e-09,8.19e-11,3.0538e-05,0.0021855,0.00010015,
881,34.0626,4.9193e-10,2.284e-09,9.9863e-11,3.0538e-05,0.002284,0.00031402,
882,34.0799,6.1782e-09,2.1868e-09,8.4525e-11,3.0538e-05,0.0021868,0.00012305,
883,34.0951,5.5512e-10,2.1696e-09,9.9115e-11,3.0538e-05,0.0021696,0.0003924,
884,34.1119,2.0411e-09,2.1866e-09,8.1609e-11,3.0538e-05,0.0021866,9.9433e-05,
885,34.1292,5.2194e-10,2.1751e-09,1.0121e-10,3.0538e-05,0.0021751,0.00039989,
886,34.1454,2.1654e-08,2.0297e-09,8.3713e-11,3.0538e-05,0.0020297,0.00026959,
887,34.1625,3.0375e-09,2.1844e-09,8.1624e-11,3.0538e-05,0.0021844,9.9398e-05,
888,34.1776,4.2625e-10,2.2406e-09,1.0692e-10,3.0538e-05,0.0022406,0.00039682,
889,34.1933,1.8669e-08,2.3059e-09,9.6874e-11,3.0538e-05,0.0023059,0.00034521,
890,34.211,2.6406e-09,2.1962e-09,8.1025e-11,3.0538e-05,0.0021962,0.00010252,
891,34.2255,5.6721e-10,2.2006e-09,8.7828e-11,3.0538e-05,0.0022006,0.00027608,
892,34.2427,3.173e-09,2.1815e-09,8.0844e-11,3.0538e-05,0.0021815,0.00010186,
893,34.2573,4.8735e-10,2.2488e-09,9.2235e-11,3.0538e-05,0.0022488,0.00024778,
894,34.2739,3.1829e-09,2.1886e-09,8.1985e-11,3.0538e-05,0.0021886,0.00010256,
895,34.2897,4.319e-10,2.3609e-09,1.0317e-10,3.0538e-05,0.0023609,0.00069884,
896,34.3071,6.3829e-09,2.1824e-09,8.4496e-11,3.0538e-05,0.0021824,0.00012728,
897,34.3227,9.1888e-10,2.2231e-09,1.0065e-10,3.0538e-05,0.0022231,0.00039335,
898,34.3393,2.0013e-09,2.1835e-09,8.2343e-11,3.0538e-05,0.0021835,0.00010265,
899,34.3532,5.3809e-10,2.2538e-09,1.0847e-10,3.0538e-05,0.0022538,0.00063504,
900,34.3728,6.3459e-09,2.1893e-09,8.58e-11,3.0538e-05,0.0021893,0.00013176,
901,34.3915,8.8806e-10,2.1992e-09,1.0071e-10,3.0538e-05,0.0021992,0.00037354,
902,34.4107,1.9997e-09,2.1833e-09,8.3038e-11,3.0538e-05,0.0021833,0.00010753,
903,34.4259,5.3643e-10,2.2025e-09,9.9276e-11,3.0538e-05,0.0022025,0.0004665,
904,34.4442,3.4321e-09,2.1875e-09,8.2925e-11,3.0538e-05,0.0021875,0.0001073,
905,34.4596,6.428e-10,2.1946e-09,9.7968e-11,3.0538e-05,0.0021946,0.00032204,
906,34.477,3.2885e-09,2.1825e-09,8.4177e-11,3.0538e-05,0.0021825,0.00011712,
907,34.4928,5.3436e-10,2.2052e-09,1.1314e-10,3.0538e-05,0.0022052,0.00068331,
908,34.5128,3.559e-09,2.1878e-09,8.3379e-11,3.0538e-05,0.0021878,0.00011028,
909,34.5277,8.4663e-10,2.2017e-09,1.0361e-10,3.0538e-05,0.0022017,0.00041251,
910,34.5452,3.3711e-09,2.1824e-09,8.4696e-11,3.0538e-05,0.0021824,0.00012084,
911,34.5606,6.3894e-10,2.1948e-09,9.7613e-11,3.0538e-05,0.0021948,0.00034762,
912,34.5778,1.9368e-09,2.1866e-09,8.1906e-11,3.0538e-05,0.0021866,0.00010284,
913,34.5925,4.9611e-10,2.2223e-09,1.1814e-10,3.0538e-05,0.0022223,0.00066849,
914,34.6112,6.3702e-09,2.182e-09,8.5784e-11,3.0538e-05,0.002182,0.00012874,
915,34.6263,9.157e-10,2.1944e-09,9.7765e-11,3.0538e-05,0.0021944,0.00032834,
916,34.6438,1.9525e-09,2.1871e-09,8.263e-11,3.0538e-05,0.0021871,0.00010705,
917,34.6588,4.9612e-10,2.2126e-09,1.0518e-10,3.0538e-05,0.0022126,0.00045829,
918,34.6754,3.4435e-09,2.1833e-09,8.2645e-11,3.0538e-05,0.0021833,0.00010518,
919,34.6908,6.2471e-10,2.1924e-09,9.5783e-11,3.0538e-05,0.0021924,0.00027459,
920,34.7092,3.2474e-09,2.1876e-09,8.353e-11,3.0538e-05,0.0021876,0.00011301,
921,34.7241,4.8337e-10,2.2181e-09,1.1351e-10,3.0538e-05,0.0022181,0.00061249,
922,34.7415,3.5123e-09,2.1826e-09,8.2969e-11,3.0538e-05,0.0021826,0.00010806,
923,34.7565,7.6644e-10,2.1846e-09,9.7725e-11,3.0538e-05,0.0021846,0.0004006,
924,34.7733,3.3545e-09,2.1884e-09,8.4166e-11,3.0538e-05,0.0021884,0.00011586,
925,34.7897,6.1402e-10,2.1986e-09,9.5973e-11,3.0538e-05,0.0021985,0.00029295,
926,34.8084,1.8729e-09,2.1835e-09,8.207e-11,3.0538e-05,0.0021834,0.00010206,
927,34.8225,4.4643e-10,2.1819e-09,1.0581e-10,3.0538e-05,0.0021819,0.00063623,
928,34.8399,6.374e-09,2.1893e-09,8.4816e-11,3.0538e-05,0.0021893,0.00012015,
929,34.8554,8.5741e-10,2.1958e-09,9.4035e-11,3.0538e-05,0.0021958,0.00025717,
930,34.8723,1.8552e-09,2.1833e-09,8.2486e-11,3.0538e-05,0.0021833,0.00010435,
931,34.887,4.2937e-10,2.1898e-09,1.153e-10,3.0538e-05,0.0021898,0.00078975,
932,34.9061,6.4438e-09,2.1896e-09,8.499e-11,3.0538e-05,0.0021896,0.00012107,
933,34.9225,1.0002e-09,2.1968e-09,9.3375e-11,3.0538e-05,0.0021968,0.00025352,
934,34.9403,1.8603e-09,2.1833e-09,8.2561e-11,3.0538e-05,0.0021833,0.0001046,
935,34.9548,4.3173e-10,2.1965e-09,1.2058e-10,3.0538e-05,0.0021965,0.00081707,
936,34.9716,6.4191e-09,2.1903e-09,8.6281e-11,3.0538e-05,0.0021903,0.00013448,
937,34.9874,1.0491e-09,2.2075e-09,1.0205e-10,3.0538e-05,0.0022075,0.00039916,
938,35.006,2.0396e-09,2.1829e-09,8.3064e-11,3.0538e-05,0.0021829,0.00010783,
939,35.0209,5.7153e-10,2.1918e-09,1.0169e-10,3.0538e-05,0.0021918,0.00041642,
940,35.0384,3.3504e-09,2.1882e-09,8.3966e-11,3.0538e-05,0.0021882,0.00011578,
941,35.0535,6.1141e-10,2.2207e-09,1.1526e-10,3.0538e-05,0.0022207,0.00063468,
942,35.0702,3.5123e-09,2.1818e-09,8.4741e-11,3.0538e-05,0.0021818,0.00012119,
943,35.0861,8.3366e-10,2.188e-09,9.4584e-11,3.0538e-05,0.0021879,0.00031787,
944,35.105,1.9204e-09,2.187e-09,8.2229e-11,3.0538e-05,0.002187,0.00010371,
945,35.1191,4.8329e-10,2.2184e-09,1.1748e-10,3.0538e-05,0.0022184,0.00065531,
946,35.1364,6.3407e-09,2.1806e-09,8.8126e-11,3.0538e-05,0.0021806,0.00014668,
947,35.1526,9.2524e-10,2.1917e-09,9.1932e-11,3.0538e-05,0.0021917,0.00019249,
948,35.1689,2.1409e-09,2.1881e-09,8.4034e-11,3.0538e-05,0.0021881,0.00011322,
949,35.1851,7.1933e-10,2.1855e-09,8.1622e-11,3.0538e-05,0.0021855,9.9973e-05,
950,35.2013,8.9407e-10,2.1862e-09,8.155e-11,3.0538e-05,0.0021862,0.00010031,
951,35.2154,3.0755e-09,2.2032e-09,1.0645e-10,3.0538e-05,0.0022032,0.00044732,
952,35.2329,6.2186e-09,2.1819e-09,8.5249e-11,3.0538e-05,0.0021819,0.00012604,
953,35.2485,6.5842e-10,2.1942e-09,9.489e-11,3.0538e-05,0.0021941,0.00029791,
954,35.2649,2.1085e-09,2.1853e-09,8.0151e-11,3.0538e-05,0.0021853,9.7329e-05,
955,35.3871,4.2725e-10,2.304e-09,2.048e-10,3.0526e-05,0.002304,0.0013228,
956,35.4053,0.00024732,2.1683e-09,8.5523e-11,3.0526e-05,0.0021683,0.00017299,
957,35.4217,7.683e-09,2.1908e-09,8.0908e-11,3.0526e-05,0.0021907,0.00011456,
958,35.4772,5.9237e-10,2.1855e-09,8.012e-11,3.0515e-05,0.0021855,9.5235e-05,
959,36.3133,0.00020574,3.913e-08,2.1756e-09,2.6677e-05,0.0391,0.048824,
960,36.334,0.066286,2.4311e-09,1.4646e-10,2.6677e-05,0.0024311,0.001136,
961,36.3511,6.307e-08,2.2007e-09,1.0497e-10,2.6677e-05,0.0022007,0.0010708,
962,36.3677,1.8483e-08,2.3481e-09,1.3194e-10,2.6677e-05,0.0023481,0.001008,
963,36.3838,8.0973e-09,2.2069e-09,9.9622e-11,2.6677e-05,0.0022069,0.00079428,
964,36.6723,4.0595e-09,1.9818e-09,8.5088e-11,2.5579e-05,0.0019818,0.00057188,
965,36.6888,0.0043735,2.0206e-09,7.878e-11,2.5579e-05,0.0020206,0.00045283,
966,36.7056,2.347e-09,1.937e-09,8.7331e-11,2.5579e-05,0.001937,0.00049664,
967,36.7209,2.8372e-08,2.1419e-09,1.066e-10,2.5579e-05,0.0021419,0.00071117,
968,36.7371,7.6663e-09,1.9864e-09,8.034e-11,2.5579e-05,0.0019864,0.00045473,
969,36.7554,2.5225e-09,2.0501e-09,7.9824e-11,2.5579e-05,0.0020501,0.00049422,
970,36.7707,2.1091e-08,2.0216e-09,8.588e-11,2.5579e-05,0.0020216,0.00056508,
971,36.788,7.8287e-09,1.9512e-09,7.8951e-11,2.5579e-05,0.0019512,0.00044876,
972,37.0309,2.2784e-09,2.1873e-09,9.2543e-11,2.5356e-05,0.0021873,0.00054419,
973,37.0476,0.0014008,2.0337e-09,7.9345e-11,2.5356e-05,0.0020337,0.00013745,
974,37.063,8.488e-10,2.1271e-09,8.1852e-11,2.5356e-05,0.0021271,0.00030821,
975,37.0823,2.2475e-09,2.025e-09,7.8885e-11,2.5356e-05,0.002025,0.00011899,
976,37.0975,5.0142e-10,1.9913e-09,1.208e-10,2.5356e-05,0.0019913,0.00053392,
977,37.1143,2.9114e-08,2.0578e-09,1.0309e-10,2.5356e-05,0.0020578,0.00035861,
978,37.1311,3.6518e-09,2.0283e-09,8.331e-11,2.5356e-05,0.0020283,0.00013966,
979,37.1463,6.5772e-10,2.0399e-09,9.6866e-11,2.5356e-05,0.0020398,0.00037193,
980,37.1635,2.2743e-09,2.0229e-09,7.6885e-11,2.5356e-05,0.0020229,0.00011916,
981,37.178,5.3861e-10,1.9484e-09,9.2369e-11,2.5356e-05,0.0019484,0.00044575,
982,37.1949,3.2613e-08,2.0135e-09,8.3356e-11,2.5356e-05,0.0020135,0.00022428,
983,37.2112,9.0367e-10,2.0264e-09,7.6219e-11,2.5356e-05,0.0020264,0.00018324,
984,37.2282,1.7834e-09,2.0228e-09,7.7255e-11,2.5356e-05,0.0020228,0.00011694,
985,37.3467,3.8894e-10,1.92e-09,1.4413e-10,2.5336e-05,0.00192,0.00089761,
986,37.3632,0.00033111,2.0487e-09,8.5887e-11,2.5336e-05,0.0020487,0.00051373,
987,37.3801,5.5704e-09,1.9924e-09,7.426e-11,2.5336e-05,0.0019924,0.00022761,
988,37.3977,9.7742e-10,2.0814e-09,8.2085e-11,2.5336e-05,0.0020814,0.00034947,
989,37.4147,1.4617e-09,2.0275e-09,7.6924e-11,2.5336e-05,0.0020275,0.00012504,
990,37.4307,5.4364e-10,1.9502e-09,8.5393e-11,2.5336e-05,0.0019502,0.00032623,
991,37.4466,3.328e-08,2.0037e-09,7.8995e-11,2.5336e-05,0.0020037,0.00052019,
992,37.4649,1.9165e-09,2.0192e-09,7.7228e-11,2.5336e-05,0.0020192,0.00013068,
993,37.4818,7.441e-10,2.0371e-09,8.8613e-11,2.5336e-05,0.0020371,0.00026676,
994,37.4996,4.0432e-09,2.0281e-09,7.9632e-11,2.5336e-05,0.0020281,0.00013306,
995,37.5144,5.3552e-10,1.9779e-09,9.8609e-11,2.5336e-05,0.0019779,0.0008628,
996,37.5335,8.144e-09,2.0104e-09,8.1829e-11,2.5336e-05,0.0020104,0.00019499,
997,37.5505,1.23e-09,2.0025e-09,7.7698e-11,2.5336e-05,0.0020025,0.00029686,
998,37.5737,1.6353e-09,2.0237e-09,7.763e-11,2.5336e-05,0.0020237,0.00012496,
999,37.6253,4.9175e-10,1.9918e-09,7.7308e-11,2.5322e-05,0.0019918,0.00019505,
1000,37.6673,0.00023282,2.0158e-09,7.4475e-11,2.5321e-05,0.0020158,0.00020119,
1001,37.6856,2.8259e-06,2.0811e-09,9.0864e-11,2.5321e-05,0.0020811,0.00033924,
1002,37.7024,6.25e-09,2.0187e-09,7.8543e-11,2.5321e-05,0.0020187,0.00019948,
1003,37.7169,1.1194e-09,1.9933e-09,8.3635e-11,2.5321e-05,0.0019933,0.00028135,
1004,37.7329,6.1924e-09,2.0177e-09,7.6364e-11,2.5321e-05,0.0020177,0.00020232,
1005,37.7479,1.0778e-09,1.9908e-09,8.6951e-11,2.5321e-05,0.0019908,0.0002873,
1006,37.7648,6.1695e-09,2.0283e-09,7.8775e-11,2.5321e-05,0.0020283,0.00020858,
1007,37.7799,1.0869e-09,1.9795e-09,7.8553e-11,2.5321e-05,0.0019795,0.00022369,
1008,37.7966,3.1969e-09,2.0386e-09,7.9051e-11,2.5321e-05,0.0020386,0.00022231,
1009,37.812,1.7724e-09,1.9873e-09,7.8314e-11,2.5321e-05,0.0019873,0.00020506,
1010,37.8276,1.7191e-09,2.0518e-09,7.9485e-11,2.5321e-05,0.0020518,0.00024246,
1011,37.8439,3.2356e-09,1.994e-09,7.762e-11,2.5321e-05,0.001994,0.00019672,
1012,37.8595,9.9304e-10,2.0896e-09,7.925e-11,2.5321e-05,0.0020896,0.00032734,
1013,37.8784,1.6894e-08,2.0042e-09,7.7421e-11,2.5321e-05,0.0020042,0.00019595,
1014,37.8946,1.1574e-09,2.0089e-09,7.6969e-11,2.5321e-05,0.0020089,0.00019579,
1015,37.9136,1.7334e-08,2.1557e-09,1.0156e-10,2.5321e-05,0.0021557,0.0006865,
1016,37.9307,2.7167e-08,1.987e-09,8.2263e-11,2.5321e-05,0.001987,0.00015836,
1017,37.9468,1.4519e-09,2.0344e-09,8.1426e-11,2.5321e-05,0.0020344,0.00021627,
1018,37.9634,1.1878e-09,2.0205e-09,7.6949e-11,2.5321e-05,0.0020205,0.00010081,
1019,38.0801,3.8403e-10,2.0237e-09,1.1969e-10,2.5307e-05,0.0020237,0.00083664,
1020,38.0967,0.00025226,2.0544e-09,1.0791e-10,2.5307e-05,0.0020544,0.00056357,
1021,38.113,5.2749e-09,2.0455e-09,8.6638e-11,2.5307e-05,0.0020455,0.00024154,
1022,38.1295,1.7596e-09,2.0229e-09,7.7208e-11,2.5307e-05,0.0020229,0.00011273,
1023,38.1758,4.1903e-10,1.9979e-09,7.4821e-11,2.5294e-05,0.0019979,0.00019988,
1024,38.2,0.00022918,2.2536e-09,1.1337e-10,2.5294e-05,0.0022536,0.00090763,
1025,38.2167,8.4572e-08,1.9917e-09,8.3627e-11,2.5294e-05,0.0019917,0.00023698,
1026,38.2322,1.738e-09,1.9465e-09,7.8213e-11,2.5294e-05,0.0019465,0.00024476,
1027,38.2514,1.9902e-09,2.009e-09,7.7019e-11,2.5294e-05,0.002009,0.00011087,
1028,38.2654,4.7648e-10,1.9996e-09,9.7365e-11,2.5294e-05,0.0019996,0.00049589,
1029,38.2835,6.7833e-09,2.0183e-09,8.0707e-11,2.5294e-05,0.0020183,0.00013193,
1030,38.2992,7.5248e-10,2.0104e-09,8.2677e-11,2.5294e-05,0.0020104,0.0003563,
1031,38.3169,2.1387e-09,2.0181e-09,7.7929e-11,2.5294e-05,0.0020181,0.00010909,
1032,38.3813,5.0879e-10,2.0445e-09,7.9257e-11,2.5282e-05,0.0020445,0.00013642,
1033,38.3965,0.00023884,2.0783e-09,7.9591e-11,2.5282e-05,0.0020783,0.0003096,
1034,38.4131,2.0592e-09,2.0184e-09,7.728e-11,2.5282e-05,0.0020184,0.00011526,
1035,38.4284,5.0147e-10,2.0385e-09,9.7905e-11,2.5282e-05,0.0020385,0.00036275,
1036,38.4447,1.4382e-08,2.028e-09,9.7691e-11,2.5282e-05,0.002028,0.00041532,
1037,38.4612,2.0514e-09,2.0229e-09,7.7049e-11,2.5282e-05,0.0020229,0.0001127,
1038,38.592,5.667e-10,5.3394e-09,3.3516e-10,2.5269e-05,0.0053393,0.0029076,
1039,38.6098,0.00022582,2.072e-09,9.1204e-11,2.5269e-05,0.002072,0.00091042,
1040,38.6266,1.6459e-08,2.0061e-09,7.9612e-11,2.5269e-05,0.0020061,0.00012638,
1041,38.6428,1.1152e-09,1.9789e-09,8.1644e-11,2.5269e-05,0.0019789,0.00030926,
1042,38.6613,2.0227e-09,2.0128e-09,7.799e-11,2.5269e-05,0.0020128,0.0001095,
1043,38.6768,4.7839e-10,2.0315e-09,1.0048e-10,2.5269e-05,0.0020315,0.00037456,
1044,38.6937,1.4214e-08,2.0646e-09,8.4437e-11,2.5269e-05,0.0020646,0.00024216,
1045,38.7107,2.6426e-09,2.0147e-09,7.8866e-11,2.5269e-05,0.0020147,0.00011352,
1046,38.7249,4.6344e-10,2.1632e-09,1.0894e-10,2.5269e-05,0.0021632,0.00080507,
1047,38.7429,6.9404e-09,2.0206e-09,8.129e-11,2.5269e-05,0.0020206,0.00013523,
1048,38.7593,1.0489e-09,2.1178e-09,8.5004e-11,2.5269e-05,0.0021178,0.0003755,
1049,38.7767,2.1148e-09,2.0148e-09,7.863e-11,2.5269e-05,0.0020148,0.00011261,
1050,38.7916,5.5972e-10,2.1775e-09,1.1324e-10,2.5269e-05,0.0021775,0.00072441,
1051,38.8092,6.9019e-09,2.0258e-09,8.2363e-11,2.5269e-05,0.0020258,0.00014917,
1052,38.8247,1.0233e-09,2.136e-09,8.6751e-11,2.5269e-05,0.002136,0.00048354,
1053,38.8427,2.2536e-09,2.0147e-09,7.9016e-11,2.5269e-05,0.0020147,0.00011567,
1054,38.8581,6.7204e-10,2.1115e-09,9.5561e-11,2.5269e-05,0.0021115,0.00043397,
1055,38.8756,3.636e-09,2.02e-09,7.932e-11,2.5269e-05,0.00202,0.00012065,
1056,38.892,6.4697e-10,2.1188e-09,8.7099e-11,2.5269e-05,0.0021188,0.00052619,
1057,38.909,3.7185e-09,2.0138e-09,7.9886e-11,2.5269e-05,0.0020138,0.00012668,
1058,38.9243,7.7276e-10,2.0785e-09,8.2647e-11,2.5269e-05,0.0020785,0.00029689,
1059,38.9442,2.0079e-09,2.0166e-09,7.834e-11,2.5269e-05,0.0020166,0.00011168,
1060,38.9584,4.7521e-10,2.0144e-09,8.1856e-11,2.5269e-05,0.0020144,0.000587,
1061,38.9759,7.0091e-09,2.0095e-09,7.7911e-11,2.5269e-05,0.0020095,0.00011371,
1062,38.9922,7.9305e-10,2.0215e-09,7.782e-11,2.5269e-05,0.0020215,0.00013488,
1063,39.0089,1.799e-09,2.0127e-09,7.6251e-11,2.5269e-05,0.0020127,0.00010677,
1064,39.0246,5.5915e-10,2.0503e-09,9.5163e-11,2.5269e-05,0.0020503,0.00026572,
1065,39.042,1.7452e-08,2.0426e-09,8.2648e-11,2.5269e-05,0.0020426,0.00028379,
1066,39.0593,1.8039e-09,2.0184e-09,7.7079e-11,2.5269e-05,0.0020184,0.00010716,
1067,39.872,4.5652e-10,8.8209e-08,4.3013e-09,2.0029e-05,0.087868,0.10081,
1068,39.8923,0.074357,1.8224e-09,9.5749e-11,2.0029e-05,0.0018224,0.0010053,
1069,39.9095,1.273e-07,1.9807e-09,1.4344e-10,2.0029e-05,0.0019807,0.0013037,
1070,39.9258,3.0329e-08,1.4497e-09,1.3287e-10,2.0029e-05,0.0014497,0.0018868,
1071,39.9427,1.036e-08,1.7199e-09,6.9864e-11,2.0029e-05,0.0017199,0.00086338,
1072,40.7952,3.3387e-09,3.7704e-08,2.8974e-09,1.8983e-05,0.037677,0.046454,
1073,40.8197,0.010045,1.9256e-09,8.0546e-11,1.8983e-05,0.0019256,0.00056605,
1074,40.8354,9.2751e-08,1.8782e-09,1.0969e-10,1.8983e-05,0.0018782,0.00080815,
1075,40.8517,3.7645e-08,2.0606e-09,1.1614e-10,1.8983e-05,0.0020606,0.001048,
1076,40.8683,6.5777e-09,1.8723e-09,7.9773e-11,1.8983e-05,0.0018723,0.00055598,
1077,40.9664,2.0894e-09,1.5241e-09,1.1745e-10,1.8874e-05,0.0015241,0.0016159,
1078,40.9857,0.00021403,1.8712e-09,8.2134e-11,1.8874e-05,0.0018712,0.00043347,
1079,41.0021,2.3579e-09,1.9404e-09,1.2593e-10,1.8874e-05,0.0019404,0.00085149,
1080,41.0179,2.0608e-08,2.0007e-09,1.16e-10,1.8874e-05,0.0020007,0.00084485,
1081,41.0371,6.7002e-09,1.8749e-09,8.2919e-11,1.8874e-05,0.0018749,0.000396,
1082,41.366,1.5617e-09,1.7873e-09,8.4745e-11,1.8608e-05,0.0017873,0.0004856,
1083,41.3828,0.0014472,1.756e-09,7.2879e-11,1.8608e-05,0.001756,9.9706e-05,
1084,41.3975,6.5431e-10,1.6664e-09,7.6145e-11,1.8608e-05,0.0016664,0.00032776,
1085,41.4143,3.0832e-09,1.7669e-09,7.253e-11,1.8608e-05,0.0017669,0.00010623,
1086,41.4295,5.2629e-10,1.745e-09,8.4156e-11,1.8608e-05,0.0017449,0.00054916,
1087,41.4463,3.2414e-09,1.7584e-09,7.3511e-11,1.8608e-05,0.0017584,0.00010518,
1088,41.461,7.2123e-10,1.6877e-09,7.9082e-11,1.8608e-05,0.0016877,0.00047957,
1089,41.4801,3.2106e-09,1.7659e-09,7.2413e-11,1.8608e-05,0.0017659,0.00011002,
1090,41.4961,6.904e-10,1.7519e-09,7.6357e-11,1.8608e-05,0.0017519,0.00026536,
1091,41.5131,1.7398e-09,1.7615e-09,7.2237e-11,1.8608e-05,0.0017615,9.6504e-05,
1092,41.5277,4.2292e-10,1.7153e-09,8.5325e-11,1.8608e-05,0.0017153,0.00059818,
1093,41.5444,5.9814e-09,1.7608e-09,7.1731e-11,1.8608e-05,0.0017608,0.00011197,
1094,41.5598,8.247e-10,1.751e-09,7.6418e-11,1.8608e-05,0.001751,0.00023846,
1095,41.5782,1.7142e-09,1.7624e-09,7.2365e-11,1.8608e-05,0.0017624,9.7599e-05,
1096,41.5925,4.0673e-10,1.7328e-09,8.5151e-11,1.8608e-05,0.0017328,0.00062942,
1097,41.6093,6.0246e-09,1.7681e-09,7.1457e-11,1.8608e-05,0.0017681,0.00010101,
1098,41.6259,7.994e-10,1.7439e-09,7.9008e-11,1.8608e-05,0.0017439,0.00032238,
1099,41.643,3.0909e-09,1.7588e-09,7.3747e-11,1.8608e-05,0.0017588,0.00010877,
1100,41.6592,5.3645e-10,1.7367e-09,8.3313e-11,1.8608e-05,0.0017367,0.00057931,
1101,41.6805,3.2709e-09,1.763e-09,7.2204e-11,1.8608e-05,0.001763,0.00011305,
1102,41.6957,7.7629e-10,1.748e-09,7.4045e-11,1.8608e-05,0.001748,0.00031421,
1103,41.7127,1.7984e-09,1.7612e-09,7.2179e-11,1.8608e-05,0.0017612,9.5811e-05,
1104,41.728,4.6275e-10,1.7187e-09,8.5979e-11,1.8608e-05,0.0017187,0.00057042,
1105,41.7451,5.9272e-09,1.7672e-09,7.262e-11,1.8608e-05,0.0017672,0.00011796,
1106,41.7606,8.0571e-10,1.7487e-09,7.5555e-11,1.8608e-05,0.0017487,0.00031931,
1107,41.78,1.8103e-09,1.7611e-09,7.2685e-11,1.8608e-05,0.0017611,9.8886e-05,
1108,41.7944,4.7977e-10,1.7214e-09,9.1744e-11,1.8608e-05,0.0017214,0.00075415,
1109,41.8115,6.0162e-09,1.7656e-09,7.2641e-11,1.8608e-05,0.0017656,0.00012287,
1110,41.8282,1.0042e-09,1.7473e-09,7.6245e-11,1.8608e-05,0.0017473,0.00031444,
1111,41.8451,1.8291e-09,1.761e-09,7.2998e-11,1.8608e-05,0.001761,0.00010127,
1112,41.8599,4.8634e-10,1.7403e-09,8.176e-11,1.8608e-05,0.0017403,0.00043849,
1113,41.8791,3.2042e-09,1.7657e-09,7.084e-11,1.8608e-05,0.0017657,9.9134e-05,
1114,41.8939,6.0204e-10,1.7467e-09,7.6739e-11,1.8608e-05,0.0017467,0.00030998,
1115,41.9112,3.0745e-09,1.76e-09,7.352e-11,1.8608e-05,0.00176,0.00010588,
1116,41.9292,5.0796e-10,1.7371e-09,8.3798e-11,1.8608e-05,0.0017371,0.00054897,
1117,41.9515,3.2432e-09,1.7665e-09,7.1768e-11,1.8608e-05,0.0017664,0.00010519,
1118,41.971,7.2096e-10,1.742e-09,7.8845e-11,1.8608e-05,0.001742,0.00048102,
1119,41.9951,3.2085e-09,1.7592e-09,7.3996e-11,1.8608e-05,0.0017592,0.00011039,
1120,42.0108,6.912e-10,1.753e-09,7.6193e-11,1.8608e-05,0.001753,0.00027074,
1121,42.028,1.7476e-09,1.7655e-09,7.0818e-11,1.8608e-05,0.0017655,9.6501e-05,
1122,42.0423,4.2853e-10,1.733e-09,7.97e-11,1.8608e-05,0.001733,0.0006348,
1123,42.0602,5.9659e-09,1.7587e-09,7.4481e-11,1.8608e-05,0.0017587,0.00011448,
1124,42.0756,8.5482e-10,1.7536e-09,7.6898e-11,1.8608e-05,0.0017536,0.00027761,
1125,42.0938,1.7668e-09,1.7657e-09,7.1017e-11,1.8608e-05,0.0017657,9.8176e-05,
1126,42.1093,4.4372e-10,1.7248e-09,8.1385e-11,1.8608e-05,0.0017248,0.00073641,
1127,42.1271,5.9959e-09,1.7579e-09,7.5347e-11,1.8608e-05,0.0017579,0.00012275,
1128,42.1428,9.7378e-10,1.7505e-09,7.9332e-11,1.8608e-05,0.0017505,0.00034633,
1129,42.1608,1.8548e-09,1.7658e-09,7.1156e-11,1.8608e-05,0.0017658,0.00010018,
1130,42.1755,5.1475e-10,1.7421e-09,7.5948e-11,1.8608e-05,0.0017421,0.00039823,
1131,42.1937,3.1424e-09,1.7603e-09,7.3339e-11,1.8608e-05,0.0017603,0.0001037,
1132,42.2103,5.7772e-10,1.7461e-09,8.3228e-11,1.8608e-05,0.0017461,0.00046586,
1133,42.2278,3.1851e-09,1.7667e-09,7.2099e-11,1.8608e-05,0.0017667,0.00010909,
1134,42.2434,6.5892e-10,1.7493e-09,7.2242e-11,1.8608e-05,0.0017493,0.0002835,
1135,42.2613,1.7745e-09,1.7618e-09,7.2013e-11,1.8608e-05,0.0017618,9.5048e-05,
1136,42.2756,4.3757e-10,1.7483e-09,8.4961e-11,1.8608e-05,0.0017483,0.00048445,
1137,42.2935,5.8693e-09,1.7676e-09,7.3134e-11,1.8608e-05,0.0017676,0.00012107,
1138,42.3107,7.2108e-10,1.7426e-09,7.4163e-11,1.8608e-05,0.0017426,0.00038514,
1139,42.3282,1.8792e-09,1.7615e-09,7.245e-11,1.8608e-05,0.0017615,9.7061e-05,
1140,42.343,5.3439e-10,1.7449e-09,9.0333e-11,1.8608e-05,0.0017449,0.0006067,
1141,42.3607,5.9354e-09,1.7679e-09,7.3589e-11,1.8608e-05,0.0017679,0.00013012,
1142,42.376,8.7813e-10,1.7391e-09,7.679e-11,1.8608e-05,0.001739,0.000419,
1143,42.3942,1.9316e-09,1.7608e-09,7.3125e-11,1.8608e-05,0.0017608,0.00010157,
1144,42.4108,5.8001e-10,1.7476e-09,8.3559e-11,1.8608e-05,0.0017476,0.00043246,
1145,42.4284,3.1902e-09,1.7655e-09,7.1013e-11,1.8608e-05,0.0017655,0.00010187,
1146,42.444,6.1513e-10,1.741e-09,7.9118e-11,1.8608e-05,0.0017409,0.00035643,
1147,42.4617,3.1095e-09,1.7595e-09,7.4112e-11,1.8608e-05,0.0017595,0.00011119,
1148,42.477,5.631e-10,1.7491e-09,7.7138e-11,1.8608e-05,0.0017491,0.0003118,
1149,42.4951,1.8488e-09,1.7647e-09,6.9993e-11,1.8608e-05,0.0017647,9.3098e-05,
1150,42.5122,4.5096e-10,1.7464e-09,9.1852e-11,1.8608e-05,0.0017464,0.00030103,
1151,42.528,1.3499e-08,1.7531e-09,7.9178e-11,1.8608e-05,0.0017531,0.00027037,
1152,42.5459,2.0296e-09,1.7634e-09,6.9871e-11,1.8608e-05,0.0017634,9.185e-05,
1153,42.5605,4.3501e-10,1.7609e-09,7.2748e-11,1.8608e-05,0.0017609,0.00010012,
1154,42.5763,5.6569e-09,1.763e-09,7.0045e-11,1.8608e-05,0.001763,0.00010419,
1155,42.5927,1.5288e-09,1.7625e-09,7.0757e-11,1.8608e-05,0.0017625,9.2357e-05,
1156,42.6093,8.2167e-10,1.7657e-09,7.1129e-11,1.8608e-05,0.0017657,0.00011755,
1157,42.6249,5.6692e-09,1.7594e-09,7.094e-11,1.8608e-05,0.0017594,0.00011262,
1158,42.6425,9.1656e-10,1.7634e-09,7.0604e-11,1.8608e-05,0.0017634,9.1046e-05,
1159,43.5075,4.5988e-10,3.2289e-08,2.3937e-09,1.6335e-05,0.032272,0.0349,
1160,43.529,0.045539,1.7938e-09,9.4483e-11,1.6335e-05,0.0017938,0.0014672,
1161,43.5449,8.6326e-08,1.6399e-09,7.0638e-11,1.6335e-05,0.0016399,0.0011242,
1162,44.4082,5.7421e-09,9.303e-08,5.1278e-09,1.3875e-05,0.09263,0.10166,
1163,44.4331,0.014944,1.5134e-09,6.8865e-11,1.3875e-05,0.0015134,0.0003767,
1164,44.4498,1.4922e-07,1.5648e-09,8.4099e-11,1.3875e-05,0.0015648,0.0005967,
1165,44.4665,5.7435e-09,1.572e-09,6.944e-11,1.3875e-05,0.001572,0.00033868,
1166,44.4833,1.9732e-09,1.5347e-09,6.4574e-11,1.3875e-05,0.0015347,0.0003424,
1167,44.5002,1.267e-08,1.6426e-09,1.2896e-10,1.3875e-05,0.0016426,0.0008967,
1168,44.516,3.0161e-08,1.5291e-09,7.2248e-11,1.3875e-05,0.0015291,0.00053311,
1169,44.5327,5.4674e-09,1.5455e-09,6.4648e-11,1.3875e-05,0.0015455,0.00033007,
1170,44.6219,1.7608e-09,1.6738e-09,7.9914e-11,1.3851e-05,0.0016738,0.00048456,
1171,44.6378,8.1234e-05,1.5657e-09,6.6785e-11,1.3851e-05,0.0015657,0.0002877,
1172,44.6547,1.6593e-09,1.5987e-09,7.6949e-11,1.3851e-05,0.0015987,0.00036839,
1173,44.6699,1.8342e-08,1.5639e-09,6.6728e-11,1.3851e-05,0.0015639,0.00039086,
1174,44.6864,3.028e-09,1.5363e-09,6.6743e-11,1.3851e-05,0.0015363,0.00028708,
1175,44.703,1.4855e-09,1.6516e-09,7.3509e-11,1.3851e-05,0.0016515,0.00038917,
1176,44.7192,1.9658e-08,1.5567e-09,6.8567e-11,1.3851e-05,0.0015567,0.00028983,
1177,44.7335,1.6268e-09,1.5518e-09,6.2886e-11,1.3851e-05,0.0015518,0.00029286,
1178,44.7499,8.9158e-09,1.6518e-09,8.8951e-11,1.3851e-05,0.0016518,0.00046405,
1179,44.766,9.1312e-09,1.5629e-09,6.9584e-11,1.3851e-05,0.0015629,0.00029207,
1180,44.7808,1.6664e-09,1.5421e-09,6.848e-11,1.3851e-05,0.0015421,0.00033004,
1181,44.7958,8.9606e-09,1.6765e-09,8.7935e-11,1.3851e-05,0.0016765,0.00048755,
1182,44.8118,4.987e-09,1.5531e-09,6.9092e-11,1.3851e-05,0.0015531,0.00028708,
1183,44.8281,1.6531e-09,1.5322e-09,6.8589e-11,1.3851e-05,0.0015322,0.00033706,
1184,44.8437,1.3301e-08,1.6823e-09,7.0742e-11,1.3851e-05,0.0016823,0.00041969,
1185,44.8599,2.6497e-09,1.5512e-09,6.7049e-11,1.3851e-05,0.0015512,0.0002551,
1186,44.8759,1.3423e-09,1.6249e-09,7.0785e-11,1.3851e-05,0.0016249,0.00033192,
1187,44.8918,1.6954e-08,1.5909e-09,6.1718e-11,1.3851e-05,0.0015909,0.00031479,
1188,44.9073,2.5265e-09,1.5974e-09,6.8448e-11,1.3851e-05,0.0015974,0.0002754,
1189,44.9233,2.2726e-09,1.5474e-09,6.4577e-11,1.3851e-05,0.0015474,0.00025452,
1190,44.9394,2.213e-09,1.6999e-09,9.4407e-11,1.3851e-05,0.0016999,0.00052746,
1191,44.9553,2.3327e-08,1.5689e-09,6.7767e-11,1.3851e-05,0.0015689,0.00033567,
1192,44.9726,2.0438e-09,1.5566e-09,6.5623e-11,1.3851e-05,0.0015566,0.00025193,
1193,44.988,1.2852e-09,1.454e-09,7.4858e-11,1.3851e-05,0.001454,0.00043413,
1194,45.0045,4.0469e-08,1.5485e-09,6.917e-11,1.3851e-05,0.0015485,0.000268,
1195,45.0198,1.6434e-09,1.5425e-09,6.1874e-11,1.3851e-05,0.0015425,0.00033029,
1196,45.0361,4.2062e-09,1.5421e-09,6.5046e-11,1.3851e-05,0.0015421,0.00025806,
1197,45.0507,1.359e-09,1.587e-09,6.8648e-11,1.3851e-05,0.001587,0.00029571,
1198,45.066,7.9314e-09,1.4659e-09,7.0003e-11,1.3851e-05,0.0014659,0.00045651,
1199,45.0849,4.4521e-09,1.5339e-09,6.5079e-11,1.3851e-05,0.0015339,0.00028165,
1200,45.1018,9.6028e-10,1.6686e-09,7.0716e-11,1.3851e-05,0.0016686,0.00051073,
1201,45.122,4.4138e-09,1.5535e-09,6.5273e-11,1.3851e-05,0.0015535,0.00025089,
1202,45.2606,9.57e-10,1.6101e-09,6.4855e-11,1.3805e-05,0.0016101,0.00025792,
1203,45.2768,0.00035997,1.5477e-09,6.2901e-11,1.3805e-05,0.0015477,0.00018306,
1204,45.2935,9.4658e-10,1.5383e-09,6.5795e-11,1.3805e-05,0.0015383,0.00010466,
1205,45.3091,1.0609e-08,1.5538e-09,6.615e-11,1.3805e-05,0.0015538,0.0001074,
1206,45.3257,8.4777e-10,1.5455e-09,6.4751e-11,1.3805e-05,0.0015455,9.8543e-05,
1207,45.3415,8.1948e-10,1.5677e-09,6.8988e-11,1.3805e-05,0.0015677,0.00014136,
1208,45.3588,1.5354e-09,1.5522e-09,6.4733e-11,1.3805e-05,0.0015522,9.5156e-05,
1209,45.3753,5.0944e-10,1.5715e-09,6.5867e-11,1.3805e-05,0.0015715,0.0001026,
1210,45.3905,1.5001e-09,1.5473e-09,6.9334e-11,1.3805e-05,0.0015473,0.00019713,
1211,45.4083,1.5909e-09,1.5561e-09,6.4315e-11,1.3805e-05,0.0015561,9.2533e-05,
1212,45.4244,4.0457e-10,1.6165e-09,7.4727e-11,1.3805e-05,0.0016165,0.00022311,
1213,45.4423,5.6679e-09,1.5664e-09,6.4621e-11,1.3805e-05,0.0015664,9.4592e-05,
1214,45.4569,4.5977e-10,1.5559e-09,6.6218e-11,1.3805e-05,0.0015559,0.00019475,
1215,45.4741,2.922e-09,1.5865e-09,6.6114e-11,1.3805e-05,0.0015865,0.00011541,
1216,45.4906,6.3195e-10,1.5584e-09,6.4001e-11,1.3805e-05,0.0015584,9.1048e-05,
1217,45.5086,4.6674e-10,1.6658e-09,8.0103e-11,1.3805e-05,0.0016658,0.00032565,
1218,45.527,2.7438e-08,1.5754e-09,6.5188e-11,1.3805e-05,0.0015754,0.00010136,
1219,45.5434,1.0064e-09,1.5586e-09,6.4801e-11,1.3805e-05,0.0015586,9.3261e-05,
1220,45.5582,8.0708e-10,1.5668e-09,6.5187e-11,1.3805e-05,0.0015668,0.00011618,
1221,45.5757,2.8861e-09,1.5633e-09,6.4386e-11,1.3805e-05,0.0015633,9.2117e-05,
1222,45.5898,4.7666e-10,1.5599e-09,6.3532e-11,1.3805e-05,0.0015599,0.00017469,
1223,45.6071,5.6482e-09,1.5828e-09,6.4744e-11,1.3805e-05,0.0015828,0.00010537,
1224,45.6252,5.8292e-10,1.556e-09,6.3446e-11,1.3805e-05,0.001556,9.4012e-05,
1225,45.6407,8.0935e-10,1.6343e-09,7.0709e-11,1.3805e-05,0.0016343,0.00018818,
1226,45.6577,2.9296e-09,1.5664e-09,6.4186e-11,1.3805e-05,0.0015664,9.1561e-05,
1227,45.6757,3.7458e-10,1.4864e-09,6.8585e-11,1.3805e-05,0.0014864,0.00025049,
1228,45.6925,1.6398e-08,1.5287e-09,7.4201e-11,1.3805e-05,0.0015287,0.00027915,
1229,45.7111,1.4427e-09,1.5604e-09,6.507e-11,1.3805e-05,0.0015604,9.2703e-05,
1230,45.727,4.5198e-10,1.5849e-09,7.3876e-11,1.3805e-05,0.0015849,0.00020134,
1231,45.7443,5.6865e-09,1.5559e-09,6.5821e-11,1.3805e-05,0.0015559,0.0001023,
1232,45.76,6.5395e-10,1.5656e-09,6.5355e-11,1.3805e-05,0.0015656,9.3788e-05,
1233,45.7771,8.1997e-10,1.5512e-09,6.765e-11,1.3805e-05,0.0015512,0.0001708,
1234,45.7936,2.9148e-09,1.5786e-09,6.597e-11,1.3805e-05,0.0015786,0.00010863,
1235,45.81,5.8668e-10,1.5528e-09,6.4083e-11,1.3805e-05,0.0015528,9.4453e-05,
1236,45.8266,8.0849e-10,1.6065e-09,7.2246e-11,1.3805e-05,0.0016065,0.00020633,
1237,45.8442,2.9331e-09,1.5647e-09,6.4298e-11,1.3805e-05,0.0015646,9.1758e-05,
1238,46.0242,3.8719e-10,1.4827e-09,7.318e-11,1.3751e-05,0.0014827,0.00033329,
1239,46.0402,0.001007,1.4293e-09,6.2674e-11,1.3751e-05,0.0014293,0.00023785,
1240,46.0557,1.3725e-09,1.4761e-09,6.1838e-11,1.3751e-05,0.0014761,0.0002118,
1241,46.07,1.8627e-09,1.3545e-09,6.8787e-11,1.3751e-05,0.0013545,0.00062669,
1242,46.0871,6.4452e-09,1.4754e-09,6.4598e-11,1.3751e-05,0.0014754,0.00019965,
1243,46.1015,1.0379e-09,1.505e-09,6.7493e-11,1.3751e-05,0.001505,0.00027429,
1244,46.1177,6.1665e-09,1.476e-09,6.2954e-11,1.3751e-05,0.001476,0.00020698,
1245,46.1326,1.1336e-09,1.5135e-09,6.4669e-11,1.3751e-05,0.0015135,0.00020864,
1246,46.148,3.1852e-09,1.4466e-09,6.5497e-11,1.3751e-05,0.0014466,0.00028349,
1247,46.1642,3.3277e-09,1.4905e-09,6.2329e-11,1.3751e-05,0.0014905,0.00019768,
1248,46.1818,1.0514e-09,1.595e-09,8.7328e-11,1.3751e-05,0.001595,0.00044772,
1249,46.1972,1.6519e-08,1.6141e-09,8.1166e-11,1.3751e-05,0.0016141,0.00065637,
1250,46.2136,3.2788e-09,1.4788e-09,6.1303e-11,1.3751e-05,0.0014788,0.0002125,
1251,46.2284,1.0867e-09,1.4965e-09,8.0657e-11,1.3751e-05,0.0014965,0.00078537,
1252,46.2448,6.4396e-09,1.4977e-09,6.3563e-11,1.3751e-05,0.0014977,0.00019389,
1253,46.6222,1.0907e-09,1.4884e-09,8.266e-11,1.3631e-05,0.0014884,0.00085383,
1254,46.6386,0.0018131,1.5202e-09,6.2512e-11,1.3631e-05,0.0015202,0.00030735,
1255,46.6556,1.4009e-09,1.5268e-09,6.1801e-11,1.3631e-05,0.0015268,0.00030452,
1256,46.6704,9.8783e-09,1.4888e-09,8.8003e-11,1.3631e-05,0.0014888,0.0008977,
1257,46.6875,8.2296e-09,1.56e-09,6.6542e-11,1.3631e-05,0.00156,0.00019942,
1258,46.7031,1.2314e-09,1.6308e-09,8.808e-11,1.3631e-05,0.0016308,0.00035161,
1259,46.7185,1.5956e-08,1.6392e-09,6.9107e-11,1.3631e-05,0.0016392,0.00037845,
1260,46.7352,2.4953e-09,1.572e-09,6.7955e-11,1.3631e-05,0.001572,0.00019721,
1261,47.031,7.5607e-10,1.9132e-09,8.8655e-11,1.3548e-05,0.0019132,0.00062814,
1262,47.0485,0.0011422,1.4942e-09,6.7319e-11,1.3548e-05,0.0014942,0.0001725,
1263,47.0638,1.0918e-09,1.8619e-09,7.6909e-11,1.3548e-05,0.0018619,0.00050933,
1264,47.0815,2.4594e-09,1.4853e-09,6.2712e-11,1.3548e-05,0.0014853,0.00012581,
1265,47.097,7.1109e-10,1.476e-09,9.0112e-11,1.3548e-05,0.001476,0.00039787,
1266,47.1125,1.802e-08,1.3668e-09,7.3312e-11,1.3548e-05,0.0013668,0.00045971,
1267,47.1309,2.4036e-09,1.4752e-09,6.1832e-11,1.3548e-05,0.0014752,0.000128,
1268,47.145,6.739e-10,1.314e-09,7.667e-11,1.3548e-05,0.001314,0.00054239,
1269,47.1624,7.8728e-09,1.4808e-09,6.7431e-11,1.3548e-05,0.0014808,0.00014138,
1270,47.18,7.8761e-10,1.5566e-09,7.0649e-11,1.3548e-05,0.0015566,0.0005507,
1271,47.1989,4.3571e-09,1.4742e-09,6.1641e-11,1.3548e-05,0.0014742,0.00014168,
1272,47.2144,8.1784e-10,1.4849e-09,6.6235e-11,1.3548e-05,0.0014849,0.00029551,
1273,47.2338,2.2266e-09,1.4835e-09,6.4558e-11,1.3548e-05,0.0014835,0.00012564,
1274,47.4455,5.0323e-10,1.5421e-09,6.7476e-11,1.3507e-05,0.0015421,0.00016834,
1275,47.4619,0.00065931,1.5375e-09,6.3287e-11,1.3507e-05,0.0015375,0.00015421,
1276,47.4776,1.3477e-09,1.4622e-09,7.5106e-11,1.3507e-05,0.0014622,0.00032649,
1277,47.4939,2.2875e-08,1.5851e-09,8.7254e-11,1.3507e-05,0.0015851,0.00047144,
1278,47.512,2.4515e-09,1.5412e-09,6.4886e-11,1.3507e-05,0.0015412,0.00015677,
1279,47.5263,7.4752e-10,1.5371e-09,9.1703e-11,1.3507e-05,0.0015371,0.00046018,
1280,47.5442,9.6274e-09,1.5323e-09,7.2398e-11,1.3507e-05,0.0015323,0.00018782,
1281,47.5597,8.6788e-10,1.5694e-09,8.9353e-11,1.3507e-05,0.0015694,0.00052791,
1282,47.5764,3.0716e-09,1.5411e-09,6.4129e-11,1.3507e-05,0.0015411,0.00015525,
1283,47.5915,7.4924e-10,1.4588e-09,1.1159e-10,1.3507e-05,0.0014588,0.00062169,
1284,47.6095,4.0655e-08,1.4934e-09,7.6281e-11,1.3507e-05,0.0014934,0.00034947,
1285,47.6263,2.3416e-09,1.5349e-09,6.6749e-11,1.3507e-05,0.0015349,0.00016086,
1286,47.6404,6.3518e-10,1.5237e-09,7.8831e-11,1.3507e-05,0.0015237,0.00079432,
1287,47.6573,1.0045e-08,1.5279e-09,6.3919e-11,1.3507e-05,0.0015279,0.00016753,
1288,47.672,1.1047e-09,1.5284e-09,8.6171e-11,1.3507e-05,0.0015284,0.00054171,
1289,47.6889,5.0923e-09,1.5366e-09,6.9353e-11,1.3507e-05,0.0015366,0.00017261,
1290,47.705,8.6142e-10,1.4844e-09,8.2956e-11,1.3507e-05,0.0014844,0.00074971,
1291,47.7217,5.3973e-09,1.5425e-09,6.5058e-11,1.3507e-05,0.0015425,0.00016182,
1292,47.7358,1.0021e-09,1.5627e-09,9.9377e-11,1.3507e-05,0.0015627,0.0011213,
1293,47.7533,9.9616e-09,1.5206e-09,7.1557e-11,1.3507e-05,0.0015206,0.00019316,
1294,47.7681,1.4719e-09,1.4306e-09,7.1916e-11,1.3507e-05,0.0014306,0.00055171,
1295,47.7852,3.0852e-09,1.5398e-09,6.4133e-11,1.3507e-05,0.0015398,0.00015823,
1296,47.802,8.0175e-10,1.5814e-09,9.1748e-11,1.3507e-05,0.0015814,0.0007493,
1297,47.8186,9.7801e-09,1.5271e-09,7.2555e-11,1.3507e-05,0.0015271,0.00019456,
1298,47.8336,1.1286e-09,1.4572e-09,7.5053e-11,1.3507e-05,0.0014572,0.00058134,
1299,47.851,3.0889e-09,1.543e-09,6.4566e-11,1.3507e-05,0.001543,0.00015878,
1300,47.8665,8.2927e-10,1.5674e-09,9.2706e-11,1.3507e-05,0.0015674,0.00077229,
1301,47.8857,9.8078e-09,1.5267e-09,7.2912e-11,1.3507e-05,0.0015267,0.0001983,
1302,47.9025,1.1853e-09,1.4936e-09,7.7209e-11,1.3507e-05,0.0014936,0.00058389,
1303,47.9188,3.0686e-09,1.5412e-09,6.5147e-11,1.3507e-05,0.0015411,0.00016323,
1304,47.933,8.47e-10,1.5057e-09,9.2011e-11,1.3507e-05,0.0015057,0.0011377,
1305,47.9502,9.9763e-09,1.5242e-09,7.3781e-11,1.3507e-05,0.0015242,0.00020448,
1306,47.9655,1.5482e-09,1.4904e-09,7.8048e-11,1.3507e-05,0.0014904,0.00059165,
1307,47.9822,3.0969e-09,1.5422e-09,6.5508e-11,1.3507e-05,0.0015422,0.00016604,
1308,47.9985,8.739e-10,1.5119e-09,7.8168e-11,1.3507e-05,0.0015119,0.00061833,
1309,48.0153,5.2202e-09,1.5315e-09,6.9071e-11,1.3507e-05,0.0015315,0.00017109,
1310,48.0298,9.2193e-10,1.4898e-09,8.4173e-11,1.3507e-05,0.0014898,0.00071464,
1311,48.0484,5.2926e-09,1.5394e-09,6.6317e-11,1.3507e-05,0.0015394,0.00017841,
1312,48.0632,1.0438e-09,1.5128e-09,7.1915e-11,1.3507e-05,0.0015128,0.0004231,
1313,48.0808,2.8864e-09,1.5346e-09,6.6316e-11,1.3507e-05,0.0015346,0.00015866,
1314,48.0969,6.8446e-10,1.4619e-09,9.019e-11,1.3507e-05,0.0014619,0.00085447,
1315,48.1134,9.9086e-09,1.5414e-09,6.6174e-11,1.3507e-05,0.0015414,0.00018026,
1316,48.1286,1.2052e-09,1.5153e-09,7.2835e-11,1.3507e-05,0.0015153,0.00038356,
1317,48.1474,2.8402e-09,1.5345e-09,6.6847e-11,1.3507e-05,0.0015345,0.00016072,
1318,48.1613,6.6351e-10,1.465e-09,9.6505e-11,1.3507e-05,0.001465,0.00097654,
1319,48.1779,9.9837e-09,1.5395e-09,6.5619e-11,1.3507e-05,0.0015395,0.00017825,
1320,48.1945,1.3113e-09,1.5212e-09,7.2038e-11,1.3507e-05,0.0015212,0.00035153,
1321,48.2112,2.8061e-09,1.5349e-09,6.6693e-11,1.3507e-05,0.0015349,0.0001601,
1322,48.2251,6.3849e-10,1.4622e-09,9.6455e-11,1.3507e-05,0.0014622,0.00096615,
1323,48.2438,9.9621e-09,1.542e-09,6.5952e-11,1.3507e-05,0.001542,0.0001784,
1324,48.2586,1.2916e-09,1.5212e-09,7.0751e-11,1.3507e-05,0.0015212,0.00037906,
1325,48.2754,2.8423e-09,1.5343e-09,6.6565e-11,1.3507e-05,0.0015343,0.00015975,
1326,48.2908,6.6016e-10,1.4622e-09,9.5886e-11,1.3507e-05,0.0014622,0.00094548,
1327,48.3072,9.9111e-09,1.5419e-09,6.6839e-11,1.3507e-05,0.0015419,0.00018909,
1328,48.3226,1.3048e-09,1.5141e-09,7.2107e-11,1.3507e-05,0.0015141,0.00047925,
1329,48.3412,2.9546e-09,1.5335e-09,6.7156e-11,1.3507e-05,0.0015335,0.00016217,
1330,48.355,7.5297e-10,1.4477e-09,1.02e-10,1.3507e-05,0.0014477,0.0010672,
1331,48.3716,9.9538e-09,1.5425e-09,6.7593e-11,1.3507e-05,0.0015425,0.00020199,
1332,48.3883,1.4759e-09,1.5074e-09,7.453e-11,1.3507e-05,0.0015074,0.00055001,
1333,48.4048,3.0481e-09,1.5327e-09,6.8086e-11,1.3507e-05,0.0015327,0.00016652,
1334,48.4196,8.3213e-10,1.4836e-09,8.5447e-11,1.3507e-05,0.0014836,0.00064981,
1335,48.4383,5.2881e-09,1.5425e-09,6.4743e-11,1.3507e-05,0.0015425,0.00016551,
1336,48.4527,9.3736e-10,1.5082e-09,7.6393e-11,1.3507e-05,0.0015082,0.00053925,
1337,48.4694,5.1482e-09,1.531e-09,6.9555e-11,1.3507e-05,0.001531,0.00017501,
1338,48.4854,8.6448e-10,1.4788e-09,9.1402e-11,1.3507e-05,0.0014788,0.00084451,
1339,48.5021,5.3846e-09,1.5424e-09,6.5571e-11,1.3507e-05,0.0015424,0.00017222,
1340,48.5169,1.1397e-09,1.5063e-09,7.6866e-11,1.3507e-05,0.0015063,0.00069846,
1341,48.5355,5.2721e-09,1.5294e-09,7.0824e-11,1.3507e-05,0.0015294,0.00018241,
1342,48.5505,1.0462e-09,1.5064e-09,7.7327e-11,1.3507e-05,0.0015064,0.00047245,
1343,48.567,2.953e-09,1.5415e-09,6.4268e-11,1.3507e-05,0.0015415,0.00015871,
1344,48.5825,7.3024e-10,1.5015e-09,7.9042e-11,1.3507e-05,0.0015015,0.00083389,
1345,48.5991,9.8497e-09,1.5272e-09,7.1901e-11,1.3507e-05,0.0015272,0.00019053,
1346,48.6142,1.219e-09,1.5093e-09,7.7875e-11,1.3507e-05,0.0015093,0.00050463,
1347,48.6328,2.9737e-09,1.5422e-09,6.5032e-11,1.3507e-05,0.0015422,0.00016243,
1348,48.6465,7.7088e-10,1.4858e-09,8.0248e-11,1.3507e-05,0.0014858,0.0010417,
1349,48.664,9.9883e-09,1.5202e-09,7.063e-11,1.3507e-05,0.0015202,0.0001899,
1350,48.681,1.4629e-09,1.5269e-09,7.4251e-11,1.3507e-05,0.0015269,0.00039911,
1351,48.6977,2.869e-09,1.5438e-09,6.5748e-11,1.3507e-05,0.0015438,0.00016424,
1352,48.7136,6.915e-10,1.5254e-09,9.0025e-11,1.3507e-05,0.0015254,0.00036131,
1353,48.7312,1.1222e-08,1.6028e-09,9.3091e-11,1.3507e-05,0.0016028,0.00059959,
1354,48.7478,2.5987e-09,1.5396e-09,6.4621e-11,1.3507e-05,0.0015396,0.00015737,
1355,48.7632,8.2449e-10,1.5446e-09,9.7713e-11,1.3507e-05,0.0015446,0.00047123,
1356,48.7812,2.4257e-08,1.5564e-09,7.3769e-11,1.3507e-05,0.0015564,0.00030648,
1357,48.7979,1.9063e-09,1.5344e-09,6.5575e-11,1.3507e-05,0.0015344,0.00015702,
1358,48.8129,5.8429e-10,1.599e-09,9.3256e-11,1.3507e-05,0.001599,0.00052273,
1359,48.8302,2.5471e-08,1.5544e-09,8.1493e-11,1.3507e-05,0.0015544,0.00035235,
1360,48.8478,3.7615e-09,1.5326e-09,6.713e-11,1.3507e-05,0.0015326,0.00016223,
1361,48.8617,6.496e-10,1.5386e-09,1.112e-10,1.3507e-05,0.0015386,0.0009733,
1362,48.8795,1.0038e-08,1.5464e-09,6.4702e-11,1.3507e-05,0.0015464,0.00016845,
1363,48.8941,1.2361e-09,1.729e-09,8.6112e-11,1.3507e-05,0.001729,0.00052884,
1364,48.911,5.1263e-09,1.5366e-09,6.9854e-11,1.3507e-05,0.0015366,0.00017661,
1365,48.9266,8.8286e-10,1.6458e-09,9.1932e-11,1.3507e-05,0.0016458,0.0008274,
1366,48.9435,5.4133e-09,1.5493e-09,6.5388e-11,1.3507e-05,0.0015493,0.00016902,
1367,48.9581,1.1263e-09,1.7373e-09,8.3994e-11,1.3507e-05,0.0017373,0.00061678,
1368,48.9749,5.1988e-09,1.533e-09,7.018e-11,1.3507e-05,0.001533,0.0001793,
1369,48.9892,9.5348e-10,1.6086e-09,8.8078e-11,1.3507e-05,0.0016086,0.00090343,
1370,49.0058,5.4402e-09,1.5429e-09,6.5342e-11,1.3507e-05,0.0015429,0.00017401,
1371,49.0228,1.2065e-09,1.5736e-09,7.1685e-11,1.3507e-05,0.0015736,0.00034034,
1372,49.0393,2.7916e-09,1.5352e-09,6.6029e-11,1.3507e-05,0.0015352,0.00015818,
1373,49.0532,6.2213e-10,1.4702e-09,9.042e-11,1.3507e-05,0.0014702,0.00086855,
1374,49.0702,9.8951e-09,1.5465e-09,6.653e-11,1.3507e-05,0.0015465,0.00017701,
1375,49.0845,1.1846e-09,1.5503e-09,8.1165e-11,1.3507e-05,0.0015503,0.00077479,
1376,49.1012,5.3487e-09,1.5237e-09,7.0718e-11,1.3507e-05,0.0015237,0.00018682,
1377,49.1181,1.1628e-09,1.5123e-09,7.5545e-11,1.3507e-05,0.0015123,0.00047284,
1378,49.1346,2.9246e-09,1.5427e-09,6.5369e-11,1.3507e-05,0.0015427,0.00016178,
1379,49.1485,7.3451e-10,1.5122e-09,7.1839e-11,1.3507e-05,0.0015122,0.0008012,
1380,49.1654,1.0044e-08,1.5227e-09,6.5894e-11,1.3507e-05,0.0015227,0.00016519,
1381,49.1804,1.1464e-09,1.5488e-09,6.7723e-11,1.3507e-05,0.0015488,0.0002055,
1382,49.1963,2.5902e-09,1.5322e-09,6.2784e-11,1.3507e-05,0.0015322,0.0001552,
1383,49.2124,8.2833e-10,1.5712e-09,7.8542e-11,1.3507e-05,0.0015712,0.00028324,
1384,49.2286,9.4955e-09,1.5162e-09,6.4486e-11,1.3507e-05,0.0015162,0.00018941,
1385,49.2445,1.0403e-09,1.5405e-09,6.3235e-11,1.3507e-05,0.0015405,0.00015247,
1386,49.3847,7.7719e-10,2.0776e-09,1.3523e-10,1.3488e-05,0.0020776,0.0012769,
1387,49.4009,0.00021663,1.6966e-09,1.0556e-10,1.3488e-05,0.0016966,0.00089462,
1388,49.4182,4.5209e-09,1.5114e-09,6.0289e-11,1.3488e-05,0.0015114,0.00016884,
1389,49.4333,1.1459e-09,1.5604e-09,7.5209e-11,1.3488e-05,0.0015604,0.00033629,
1390,49.4507,5.4736e-09,1.524e-09,6.5041e-11,1.3488e-05,0.001524,0.00017008,
1391,49.4664,6.5983e-10,1.6572e-09,6.8251e-11,1.3488e-05,0.0016572,0.00030431,
1392,49.4832,2.4663e-09,1.5318e-09,6.2977e-11,1.3488e-05,0.0015318,8.632e-05,
1393,49.4987,4.4421e-10,1.5707e-09,7.7056e-11,1.3488e-05,0.0015707,0.00025495,
1394,49.5151,1.5038e-08,1.5789e-09,6.5665e-11,1.3488e-05,0.0015789,0.00016441,
1395,49.5331,1.8054e-09,1.5396e-09,6.337e-11,1.3488e-05,0.0015396,8.8471e-05,
1396,49.5484,5.2171e-10,1.5593e-09,6.5483e-11,1.3488e-05,0.0015593,0.00011622,
1397,49.5647,2.7292e-09,1.5426e-09,6.3616e-11,1.3488e-05,0.0015426,8.7816e-05,
1398,49.5801,4.8838e-10,1.5378e-09,6.4452e-11,1.3488e-05,0.0015377,0.00010133,
1399,49.596,2.7146e-09,1.566e-09,6.4346e-11,1.3488e-05,0.001566,0.00010413,
1400,49.6151,8.3106e-10,1.532e-09,6.308e-11,1.3488e-05,0.001532,8.5309e-05,
1401,50.459,4.3619e-10,1.4944e-07,5.6063e-09,1.0324e-05,0.1478,0.15619,
1402,50.4791,0.053727,1.3516e-09,8.9188e-11,1.0324e-05,0.0013516,0.0010437,
1403,51.3453,2.0248e-07,2.2119e-09,1.6507e-10,8.9865e-06,0.0022119,0.0018592,
1404,51.3618,0.0076933,1.3178e-09,6.2823e-11,8.9865e-06,0.0013178,0.00033279,
1405,51.3771,2.6353e-09,1.2609e-09,9.3701e-11,8.9865e-06,0.0012609,0.00075878,
1406,51.3924,2.3331e-08,1.0976e-09,6.0641e-11,8.9865e-06,0.0010976,0.00066696,
1407,51.4093,5.1954e-09,1.2829e-09,5.5573e-11,8.9865e-06,0.0012829,0.00031461,
1408,51.424,1.2447e-09,1.4609e-09,7.3258e-11,8.9865e-06,0.0014609,0.00070218,
1409,51.4406,4.5526e-09,1.3015e-09,5.6929e-11,8.9865e-06,0.0013015,0.00025129,
1410,51.4558,1.1564e-09,1.4001e-09,9.0414e-11,8.9865e-06,0.0014001,0.00058817,
1411,51.4712,3.7456e-08,1.4735e-09,7.5056e-11,8.9865e-06,0.0014735,0.00064821,
1412,51.4878,4.1708e-09,1.3108e-09,5.7891e-11,8.9865e-06,0.0013108,0.000253,
1413,51.505,1.19e-09,1.2622e-09,6.6523e-11,8.9865e-06,0.0012622,0.000361,
1414,51.5198,2.1138e-08,7.6528e-10,5.7942e-11,8.9865e-06,0.00076528,0.00095296,
1415,51.5365,5.1782e-09,1.2889e-09,5.9261e-11,8.9865e-06,0.0012889,0.00025761,
1416,51.5526,1.428e-09,1.4181e-09,9.2821e-11,8.9865e-06,0.0014181,0.00062705,
1417,51.5679,2.0739e-08,1.3163e-09,6.8251e-11,8.9865e-06,0.0013163,0.00057525,
1418,51.5843,4.1707e-09,1.3034e-09,5.7922e-11,8.9865e-06,0.0013034,0.00025288,
1419,51.6014,1.1181e-09,1.2448e-09,6.6484e-11,8.9865e-06,0.0012448,0.00038724,
1420,51.6169,2.2213e-08,1.0721e-09,6.7414e-11,8.9865e-06,0.0010721,0.0005874,
1421,51.6333,3.1738e-09,1.3038e-09,5.7199e-11,8.9865e-06,0.0013038,0.0002493,
1422,51.9632,1.0026e-09,1.3825e-09,1.0367e-10,8.8539e-06,0.0013825,0.00077536,
1423,51.9796,0.0010691,1.498e-09,8.3786e-11,8.8539e-06,0.001498,0.00046345,
1424,51.9961,4.9698e-09,1.2843e-09,6.266e-11,8.8539e-06,0.0012843,0.00015731,
1425,52.0117,9.6205e-10,1.3893e-09,6.4878e-11,8.8539e-06,0.0013893,0.00026317,
1426,52.0281,1.2033e-09,1.2471e-09,5.4657e-11,8.8539e-06,0.0012471,9.045e-05,
1427,52.1924,4.0217e-10,1.3039e-09,7.5089e-11,8.8358e-06,0.0013039,0.00033857,
1428,52.2088,0.00036771,1.1736e-09,6.4058e-11,8.8358e-06,0.0011736,0.0004736,
1429,52.2256,2.1032e-09,1.2486e-09,5.3691e-11,8.8358e-06,0.0012486,0.00013613,
1430,52.2407,7.0943e-10,1.3327e-09,7.1546e-11,8.8358e-06,0.0013327,0.00032744,
1431,52.2566,2.0497e-08,1.2329e-09,5.4025e-11,8.8358e-06,0.0012329,0.00019005,
1432,52.2732,1.3628e-09,1.2491e-09,5.3828e-11,8.8358e-06,0.0012491,0.00013805,
1433,52.2884,7.2006e-10,1.246e-09,5.2978e-11,8.8358e-06,0.001246,0.00015371,
1434,52.3058,4.2715e-09,1.247e-09,5.4267e-11,8.8358e-06,0.001247,0.00014183,
1435,52.3206,1.2173e-09,1.2565e-09,5.2746e-11,8.8358e-06,0.0012565,0.00014216,
1436,52.3358,2.217e-09,1.2477e-09,5.5034e-11,8.8358e-06,0.0012477,0.00014848,
1437,52.3519,2.2375e-09,1.2596e-09,5.2749e-11,8.8358e-06,0.0012596,0.00013735,
1438,52.3658,1.196e-09,1.2315e-09,6.0099e-11,8.8358e-06,0.0012315,0.00021584,
1439,52.3823,8.3884e-09,1.2613e-09,5.2832e-11,8.8358e-06,0.0012613,0.0001391,
1440,52.3981,7.3983e-10,1.2366e-09,5.7584e-11,8.8358e-06,0.0012366,0.00016916,
1441,52.4139,4.2807e-09,1.2659e-09,5.3267e-11,8.8358e-06,0.0012659,0.00015085,
1442,52.4295,1.2393e-09,1.2476e-09,5.3656e-11,8.8358e-06,0.0012476,0.00014152,
1443,52.4455,1.207e-09,1.2913e-09,6.2269e-11,8.8358e-06,0.0012913,0.0002489,
1444,52.4615,4.3117e-09,1.2437e-09,5.3164e-11,8.8358e-06,0.0012437,0.00015293,
1445,52.4773,8.324e-10,1.2701e-09,5.3448e-11,8.8358e-06,0.0012701,0.00014069,
1446,52.4929,1.2014e-09,1.1986e-09,5.5158e-11,8.8358e-06,0.0011986,0.00025653,
1447,52.5089,4.3476e-09,1.2546e-09,5.3023e-11,8.8358e-06,0.0012546,0.00014162,
1448,52.5241,8.2489e-10,1.2637e-09,5.4306e-11,8.8358e-06,0.0012637,0.00013974,
1449,52.5397,2.2144e-09,1.2265e-09,5.6199e-11,8.8358e-06,0.0012265,0.00023423,
1450,52.5557,4.3601e-09,1.2488e-09,5.2686e-11,8.8358e-06,0.0012488,0.00014559,
1451,52.5707,8.3529e-10,1.2726e-09,5.6362e-11,8.8358e-06,0.0012726,0.00016902,
1452,52.5881,2.2507e-09,1.2315e-09,5.292e-11,8.8358e-06,0.0012315,0.00017383,
1453,52.6041,1.2733e-09,1.2639e-09,5.3177e-11,8.8358e-06,0.0012639,0.00013739,
1454,52.6179,7.1606e-10,1.1859e-09,5.5448e-11,8.8358e-06,0.0011859,0.00022579,
1455,52.636,8.3902e-09,1.2445e-09,5.4436e-11,8.8358e-06,0.0012445,0.00015699,
1456,52.6514,8.8104e-10,1.2594e-09,5.3053e-11,8.8358e-06,0.0012594,0.00013518,
1457,53.52,1.1853e-09,8.0666e-07,3.605e-08,7.3891e-06,0.62785,0.71107,
1458,53.5415,0.021536,2.2065e-09,1.3616e-10,7.3891e-06,0.0022065,0.001281,
1459,53.5574,1.1601e-06,1.2992e-09,9.1716e-11,7.3891e-06,0.0012992,0.00073918,
1460,53.5732,8.7946e-09,1.2603e-09,5.7613e-11,7.3891e-06,0.0012603,0.0004654,
1461,53.5886,2.8992e-09,1.169e-09,4.998e-11,7.3891e-06,0.001169,0.00041442,
1462,53.6584,3.6806e-09,1.1328e-09,4.8413e-11,7.2799e-06,0.0011328,0.00012764,
1463,53.6744,0.00051543,1.2473e-09,5.5089e-11,7.2799e-06,0.0012473,0.00026218,
1464,53.6908,1.902e-09,1.1345e-09,5.0058e-11,7.2799e-06,0.0011345,0.00010782,
1465,54.5926,4.4956e-10,3.6893e-08,3.5035e-09,6.8669e-06,0.036868,0.055423,
1466,54.6185,0.011135,1.1014e-09,4.8756e-11,6.8669e-06,0.0011014,0.00072788,
1467,54.6622,9.1829e-08,1.0994e-09,5.1982e-11,6.5442e-06,0.0010994,0.00024197,
1468,54.6777,0.00092542,1.044e-09,4.8574e-11,6.5442e-06,0.001044,0.00030547,
1469,54.6943,3.8539e-09,1.105e-09,4.7056e-11,6.5442e-06,0.001105,0.00022598,
1470,54.7863,1.2334e-09,1.1036e-09,5.429e-11,6.5037e-06,0.0011036,0.00023382,
1471,54.8036,0.00023211,1.1191e-09,5.2165e-11,6.5037e-06,0.0011191,0.00031156,
1472,54.8201,1.4972e-09,1.0942e-09,4.9462e-11,6.5037e-06,0.0010942,0.00011213,
1473,54.8351,5.0599e-10,1.0751e-09,7.7299e-11,6.5037e-06,0.0010751,0.00041186,
1474,54.8508,2.1026e-08,9.8073e-10,5.5477e-11,6.5037e-06,0.00098073,0.00043932,
1475,54.8673,2.5446e-09,1.0968e-09,4.8916e-11,6.5037e-06,0.0010968,0.00011293,
1476,54.8811,6.5609e-10,1.0411e-09,4.8088e-11,6.5037e-06,0.0010411,0.00022766,
1477,54.8991,6.9026e-09,1.0803e-09,4.7829e-11,6.5037e-06,0.0010803,0.00012941,
1478,54.9145,7.6514e-10,1.0969e-09,4.867e-11,6.5037e-06,0.0010969,0.000111,
1479,54.9295,9.7607e-10,1.2208e-09,7.4188e-11,6.5037e-06,0.0012208,0.00048319,
1480,54.9459,3.6232e-08,1.1177e-09,4.7999e-11,6.5037e-06,0.0011177,0.00021805,
1481,54.9634,1.6112e-09,1.0961e-09,4.8147e-11,6.5037e-06,0.0010961,0.00011076,
1482,54.9775,4.1564e-10,1.2804e-09,9.358e-11,6.5037e-06,0.0012804,0.00062176,
1483,54.9947,5.7555e-08,1.1492e-09,5.2577e-11,6.5037e-06,0.0011492,0.00029676,
1484,55.0112,2.3239e-09,1.0938e-09,4.913e-11,6.5037e-06,0.0010938,0.00011729,
1485,55.0258,5.3036e-10,1.1175e-09,5.6527e-11,6.5037e-06,0.0011175,0.00030998,
1486,55.0442,3.634e-09,1.0984e-09,4.8455e-11,6.5037e-06,0.0010984,0.00011722,
1487,55.0579,5.2465e-10,1.1301e-09,7.21e-11,6.5037e-06,0.0011301,0.00071813,
1488,55.0745,7.2386e-09,1.0852e-09,5.0246e-11,6.5037e-06,0.0010852,0.00015715,
1489,55.0912,1.0262e-09,1.1036e-09,4.986e-11,6.5037e-06,0.0011036,0.00020507,
1490,55.1078,1.2205e-09,1.0985e-09,4.8175e-11,6.5037e-06,0.0010985,0.00011072,
1491,55.1212,3.9808e-10,1.9146e-09,1.1219e-10,6.5037e-06,0.0019146,0.00097631,
1492,55.1366,1.1217e-07,1.1519e-09,5.6477e-11,6.5037e-06,0.0011519,0.00030603,
1493,55.153,5.0676e-09,1.0906e-09,4.842e-11,6.5037e-06,0.0010906,0.0001482,
1494,55.1674,5.6918e-10,1.1215e-09,5.2056e-11,6.5037e-06,0.0011215,0.0001583,
1495,55.1855,4.7738e-09,1.1221e-09,5.0408e-11,6.5037e-06,0.0011221,0.00011803,
1496,55.2007,6.3823e-10,1.093e-09,4.8353e-11,6.5037e-06,0.001093,0.00012071,
1497,55.2158,1.8226e-09,1.1705e-09,5.5728e-11,6.5037e-06,0.0011705,0.00019228,
1498,55.2335,1.8995e-09,1.1043e-09,4.9546e-11,6.5037e-06,0.0011043,0.00011077,
1499,56.0887,4.0692e-10,1.8698e-08,1.2922e-09,5.3974e-06,0.018695,0.026344,
1500,56.1101,0.02362,1.2367e-09,8.4728e-11,5.3974e-06,0.0012367,0.0010004,
1501,56.1312,3.7467e-08,1.6506e-09,1.005e-10,5.3974e-06,0.0016505,0.0012528,
1502,56.1481,1.9377e-08,9.0667e-10,5.0589e-11,5.3974e-06,0.00090667,0.00082932,
1503,56.1645,1.7618e-08,1.0727e-09,7.9926e-11,5.3973e-06,0.0010727,0.0010839,
1504,56.1806,5.2397e-08,9.083e-10,5.6119e-11,5.3973e-06,0.0009083,0.00095173,
1505,56.1967,8.0838e-09,9.0422e-10,5.0439e-11,5.3973e-06,0.00090422,0.00083671,
1506,57.066,7.2845e-09,7.5577e-08,4.3474e-09,4.1862e-06,0.075362,0.08965,
1507,57.0869,0.015813,1.6247e-09,9.2527e-11,4.1863e-06,0.0016247,0.00084505,
1508,57.1028,1.1738e-07,1.2034e-09,6.5528e-11,4.1863e-06,0.0012034,0.0011456,
1509,57.12,5.1171e-09,9.22e-10,3.7985e-11,4.1863e-06,0.000922,0.00021758,
1510,57.1357,1.7361e-09,9.6631e-10,4.3958e-11,4.1863e-06,0.00096631,0.00023515,
1511,57.1519,3.4117e-09,9.2515e-10,3.8845e-11,4.1863e-06,0.00092515,0.00021696,
1512,57.1695,1.8866e-09,9.4918e-10,4.2166e-11,4.1863e-06,0.00094918,0.00021912,
1513,57.1848,3.37e-09,9.1156e-10,4.0886e-11,4.1863e-06,0.00091156,0.00026313,
1514,57.2016,3.4471e-09,9.2196e-10,3.9549e-11,4.1863e-06,0.00092196,0.00020457,
1515,57.2174,1.0816e-09,9.2656e-10,6.2874e-11,4.1862e-06,0.00092656,0.00039595,
1516,57.2336,3.4603e-08,8.8539e-10,4.234e-11,4.1862e-06,0.00088539,0.0002243,
1517,57.2493,1.6061e-09,9.038e-10,4.1317e-11,4.1862e-06,0.0009038,0.00026169,
1518,57.2659,3.399e-09,8.9841e-10,3.9847e-11,4.1862e-06,0.00089841,0.00020724,
1519,57.2819,1.0781e-09,9.5902e-10,4.6501e-11,4.1862e-06,0.00095902,0.00026413,
1520,57.298,1.3067e-08,8.7236e-10,3.8809e-11,4.1862e-06,0.00087235,0.00022657,
1521,57.3142,1.9326e-09,9.207e-10,4.1398e-11,4.1862e-06,0.0009207,0.00020334,
1522,57.3916,1.7946e-09,1.9062e-09,1.3155e-10,4.1821e-06,0.0019062,0.0021401,
1523,57.4086,2.0768e-05,9.578e-10,4.86e-11,4.1821e-06,0.0009578,0.00023454,
1524,57.4245,2.9159e-09,9.335e-10,4.2163e-11,4.1821e-06,0.0009335,0.00021678,
1525,57.4403,1.8046e-09,9.3618e-10,4.529e-11,4.1821e-06,0.00093618,0.00018642,
1526,57.4556,1.6374e-09,9.4488e-10,4.5579e-11,4.1821e-06,0.00094488,0.00023122,
1527,57.4716,5.8035e-09,9.8762e-10,5.0353e-11,4.1821e-06,0.00098762,0.00025568,
1528,57.488,1.7792e-09,9.2557e-10,4.3475e-11,4.1821e-06,0.00092557,0.00018295,
1529,57.5068,9.6475e-10,9.4611e-10,5.6041e-11,4.1821e-06,0.0009461,0.00037512,
1530,57.5229,3.0758e-08,9.9429e-10,4.9444e-11,4.1821e-06,0.00099429,0.00023133,
1531,57.5398,2.1733e-09,9.1993e-10,4.2956e-11,4.1821e-06,0.00091993,0.00018228,
1532,57.5554,9.3071e-10,9.8699e-10,4.8438e-11,4.1821e-06,0.00098699,0.00022082,
1533,57.5715,4.7252e-08,9.4646e-10,4.566e-11,4.1821e-06,0.00094646,0.00019165,
1534,57.5871,1.6551e-09,9.3611e-10,4.7007e-11,4.1821e-06,0.00093611,0.00021353,
1535,57.6061,3.0247e-09,9.5813e-10,4.7873e-11,4.1821e-06,0.00095813,0.00021431,
1536,57.6219,1.6935e-09,9.3443e-10,4.586e-11,4.1821e-06,0.00093443,0.00019776,
1537,57.6379,1.6535e-09,9.756e-10,5.167e-11,4.1821e-06,0.0009756,0.0002654,
1538,57.6558,3.072e-09,9.3667e-10,4.4617e-11,4.1821e-06,0.00093667,0.00018939,
1539,57.6717,1.0295e-09,9.3134e-10,4.5306e-11,4.1821e-06,0.00093133,0.00018854,
1540,57.6882,2.9893e-09,9.1069e-10,5.3928e-11,4.1821e-06,0.00091069,0.00040049,
1541,57.7061,1.1937e-08,9.4187e-10,4.5151e-11,4.1821e-06,0.00094187,0.00019639,
1542,57.7217,1.6296e-09,9.2846e-10,4.283e-11,4.1821e-06,0.00092846,0.00018258,
1543,57.7655,2.9778e-09,9.2116e-10,4.0437e-11,4.1475e-06,0.00092116,0.00013497,
1544,57.7802,0.00038205,9.3834e-10,4.0715e-11,4.1475e-06,0.00093834,0.00014508,
1545,57.7956,4.1656e-09,1.0101e-09,5.0816e-11,4.1475e-06,0.0010101,0.00024638,
1546,57.8128,2.3065e-09,9.0996e-10,4.1178e-11,4.1475e-06,0.00090996,0.00013358,
1547,57.8282,5.0623e-10,9.7368e-10,7.0928e-11,4.1475e-06,0.00097368,0.00051538,
1548,57.8443,2.5487e-08,8.6546e-10,4.5597e-11,4.1475e-06,0.00086546,0.00024437,
1549,57.8612,2.7599e-09,8.9965e-10,3.9382e-11,4.1475e-06,0.00089965,0.00014205,
1550,57.8766,8.262e-10,9.1291e-10,3.9662e-11,4.1475e-06,0.00091291,0.0001408,
1551,57.8918,2.1667e-09,8.6213e-10,4.9875e-11,4.1475e-06,0.00086213,0.00041204,
1552,57.9111,4.3138e-09,9.0819e-10,4.1221e-11,4.1475e-06,0.00090819,0.00013634,
1553,57.9264,6.8026e-10,8.7757e-10,4.8791e-11,4.1475e-06,0.00087757,0.00059815,
1554,57.9428,8.3719e-09,9.188e-10,3.984e-11,4.1475e-06,0.0009188,0.00014072,
1555,57.9581,8.463e-10,8.666e-10,5.1554e-11,4.1475e-06,0.0008666,0.00063525,
1556,57.9747,8.5479e-09,9.046e-10,4.3215e-11,4.1475e-06,0.0009046,0.00014478,
1557,57.9895,8.9795e-10,9.1667e-10,4.4783e-11,4.1475e-06,0.00091667,0.00039622,
1558,58.0061,4.5578e-09,9.1523e-10,3.8567e-11,4.1475e-06,0.00091523,0.00013465,
1559,58.0214,6.2148e-10,9.6566e-10,6.8113e-11,4.1475e-06,0.00096566,0.00040518,
1560,58.0394,2.0184e-08,1.2401e-09,6.9874e-11,4.1475e-06,0.0012401,0.00076019,
1561,58.056,2.6416e-09,9.1616e-10,3.9065e-11,4.1475e-06,0.00091616,0.00013657,
1562,58.0701,9.7751e-10,9.5961e-10,6.3404e-11,4.1475e-06,0.00095961,0.0005603,
1563,58.0866,8.5655e-09,9.1433e-10,4.175e-11,4.1475e-06,0.00091433,0.00013648,
1564,58.1005,8.3508e-10,1.1207e-09,6.253e-11,4.1475e-06,0.0011207,0.00053145,
1565,58.1205,8.3434e-09,9.2634e-10,4.3703e-11,4.1475e-06,0.00092634,0.00017262,
1566,58.1353,9.2698e-10,1.0746e-09,5.7924e-11,4.1475e-06,0.0010746,0.00049014,
1567,58.1522,2.6622e-09,9.1107e-10,4.0887e-11,4.1475e-06,0.00091107,0.00013351,
1568,58.2004,6.9298e-10,9.2729e-10,4.2715e-11,4.1471e-06,0.00092728,0.0001586,
1569,58.216,2.5322e-06,9.2146e-10,4.257e-11,4.1471e-06,0.00092146,0.00015279,
1570,58.2334,1.2225e-09,9.1466e-10,4.1414e-11,4.1471e-06,0.00091466,0.00014044,
1571,58.249,1.1844e-09,9.2066e-10,4.4831e-11,4.1471e-06,0.00092065,0.00018353,
1572,58.2655,2.1976e-09,9.152e-10,4.0692e-11,4.1471e-06,0.0009152,0.00013478,
1573,58.28,7.3069e-10,9.8307e-10,5.3851e-11,4.1471e-06,0.00098307,0.00026947,
1574,58.2966,4.0722e-09,9.0834e-10,4.1987e-11,4.1471e-06,0.00090834,0.00011977,
1575,58.3135,4.8144e-10,9.1345e-10,5.5645e-11,4.1471e-06,0.00091345,0.00039096,
1576,58.3293,3.1807e-08,9.3227e-10,4.2351e-11,4.1471e-06,0.00093227,0.00014632,
1577,58.345,1.4159e-09,9.0822e-10,3.9434e-11,4.1471e-06,0.00090822,0.00013347,
1578,58.3592,1.1575e-09,9.5463e-10,4.2569e-11,4.1471e-06,0.00095463,0.0001675,
1579,58.3753,4.1412e-09,9.0534e-10,3.9724e-11,4.1471e-06,0.00090534,0.00013299,
1580,58.3927,6.8327e-10,1.0132e-09,5.3185e-11,4.1471e-06,0.0010132,0.00036991,
1581,58.4094,4.009e-09,9.0956e-10,4.1688e-11,4.1471e-06,0.00090956,0.0001197,
1582,58.7386,5.5492e-10,2.4121e-09,1.526e-10,4.0443e-06,0.0024121,0.0013115,
1583,58.7567,0.001846,8.7599e-10,4.2114e-11,4.0443e-06,0.00087599,0.00033273,
1584,58.773,7.2521e-09,9.1411e-10,4.1406e-11,4.0443e-06,0.0009141,0.0002029,
1585,58.7891,1.1247e-09,1.0135e-09,5.3651e-11,4.0443e-06,0.0010135,0.00025105,
1586,58.8045,1.2579e-08,1.0072e-09,4.5709e-11,4.0443e-06,0.0010072,0.00025178,
1587,58.821,2.0786e-09,9.2119e-10,4.1771e-11,4.0443e-06,0.00092119,0.00020184,
1588,58.8376,1.0538e-09,9.8564e-10,5.5104e-11,4.0443e-06,0.00098564,0.00029261,
1589,58.8538,1.392e-08,1.0132e-09,4.7626e-11,4.0443e-06,0.0010132,0.00030249,
1590,58.8702,2.3125e-09,9.1687e-10,4.22e-11,4.0443e-06,0.00091687,0.00020352,
1591,58.8851,1.0689e-09,9.5147e-10,4.4765e-11,4.0443e-06,0.00095147,0.00022658,
1592,58.9005,6.3264e-09,9.2004e-10,4.3012e-11,4.0443e-06,0.00092004,0.00020823,
1593,58.9159,1.7727e-09,9.2776e-10,4.3504e-11,4.0443e-06,0.00092776,0.00022795,
1594,58.9318,3.2908e-09,9.3476e-10,4.4182e-11,4.0443e-06,0.00093476,0.00021221,
1595,58.9467,1.8024e-09,9.1316e-10,4.2861e-11,4.0443e-06,0.00091316,0.00022893,
1596,58.962,3.2898e-09,9.434e-10,4.5071e-11,4.0443e-06,0.0009434,0.0002215,
1597,58.9788,1.83e-09,9.2636e-10,4.2528e-11,4.0443e-06,0.00092636,0.00020365,
1598,58.993,1.7761e-09,9.576e-10,5.0483e-11,4.0443e-06,0.0009576,0.00029802,
1599,59.0093,6.3346e-09,9.313e-10,4.2788e-11,4.0443e-06,0.0009313,0.00020619,
1600,59.0263,1.1348e-09,9.5666e-10,4.8229e-11,4.0443e-06,0.00095666,0.00023649,
1601,59.0439,6.281e-09,9.3875e-10,4.582e-11,4.0443e-06,0.00093875,0.00026936,
1602,59.0603,1.9401e-09,9.3406e-10,4.3089e-11,4.0443e-06,0.00093406,0.00019894,
1603,59.9068,1.0362e-09,1.171e-08,7.9281e-10,3.4429e-06,0.01171,0.01469,
