"iter","time","dist","maxviolation","meanviolation","cost","maxabsLagMult","KKT_residual",
0,0,NaN,3.0892,1.9383,0.97478,1,3.5284,
1,0.53994,14.3349,0.00082294,0.00050283,0.088029,0.0082292,0.0065338,
2,1.3151,14.3349,0.00036134,0.00023278,0.085301,0.0053037,0.0023657,
3,1.8913,2.3078,5.0828e-05,3.5777e-05,0.08387,0.0010951,0.0012441,
4,2.3414,1.8117,0.0001005,6.2383e-05,0.083326,0.0031782,0.003814,
5,3.1446,0.69171,8.3005e-05,8.2239e-05,0.080933,0.0038527,0.0025604,
6,3.8254,6.4453,1.2544e-05,1.1297e-05,0.080525,0.00085459,0.0034671,
7,4.6226,0.53944,1.403e-05,8.6969e-06,0.080441,0.001403,0.0020775,
8,5.4996,0.29024,7.4364e-06,6.4567e-06,0.080386,0.0010915,0.0019158,
9,6.3893,0.3391,7.6109e-06,5.5739e-06,0.080305,0.0016397,0.0016566,
10,7.2996,0.48487,6.4283e-06,4.3415e-06,0.08025,0.0020328,0.0018251,
11,8.2156,0.56557,2.6931e-06,2.4686e-06,0.080213,0.00125,0.001241,
12,9.1266,0.18394,3.3666e-06,2.6132e-06,0.080157,0.0022936,0.0023897,
13,10.0407,0.43638,1.0287e-06,5.3103e-07,0.080143,0.0010287,0.002312,
14,10.9349,0.1259,1.0009e-06,6.8442e-07,0.080101,0.0014692,0.0016949,
15,11.8528,0.35495,1.2314e-05,9.2778e-06,0.08003,0.026524,0.020608,
16,12.7676,0.60308,6.4061e-07,4.607e-07,0.080021,0.0020258,0.0026376,
17,13.6778,0.10974,4.1985e-06,2.5649e-06,0.079961,0.019485,0.017358,
18,14.5928,0.59031,5.1009e-07,2.6785e-07,0.07995,0.0034752,0.0020765,
19,15.5071,0.10315,2.0409e-07,1.0878e-07,0.079942,0.0020409,0.0018165,
20,16.4243,0.062949,2.4608e-07,1.2949e-07,0.079934,0.003612,0.0020267,
21,17.3335,0.10425,5.269e-07,3.8491e-07,0.079927,0.011351,0.0079194,
22,18.2476,0.047625,1.2379e-07,7.8257e-08,0.079917,0.0039146,0.0025272,
23,19.1625,0.15958,1.0523e-07,8.709e-08,0.079908,0.0048844,0.0043051,
24,20.084,0.037329,6.7186e-08,4.4537e-08,0.079897,0.0045773,0.0028165,
25,21.0105,0.19199,3.1801e-07,1.7308e-07,0.079887,0.031791,0.027634,
26,21.0258,0.017927,3.3714e-09,1.7156e-09,0.079887,0.00049485,0.00057941,
27,21.9363,3.6105e-07,9.787e-08,7.7712e-08,0.079886,0.021082,0.019037,
28,21.951,0.018699,1.8175e-09,1.5216e-09,0.079886,0.00057474,0.00055302,
29,21.9628,1.555e-07,6.3418e-10,3.2346e-10,0.079886,0.00029436,0.00071879,
30,21.9743,4.1472e-08,1.0776e-09,1.0602e-09,0.079886,0.00073419,0.0006152,
31,21.9863,6.0215e-09,5.3349e-10,5.025e-10,0.079886,0.00053349,0.00056387,
32,22.8973,3.0721e-09,1.0451e-07,7.8813e-08,0.079883,0.10413,0.07974,
33,22.9141,0.027438,3.5604e-10,1.9898e-10,0.079883,0.00035604,0.00083402,
34,22.9415,1.7442e-07,3.4132e-10,2.4066e-10,0.079883,0.00034132,0.00032819,
35,22.9593,0.001108,1.7271e-10,1.1256e-10,0.079883,0.00017271,0.00022583,
36,23.8647,0.00065015,1.0119e-07,9.0956e-08,0.079882,0.10085,0.1036,
37,23.8821,0.013372,2.081e-10,1.6698e-10,0.079882,0.0002081,0.00071319,
38,24.8037,1.6827e-07,1.1937e-07,8.2897e-08,0.07988,0.1188,0.085636,
39,24.8205,0.016337,6.0959e-10,3.5119e-10,0.07988,0.00060959,0.00054847,
40,25.7365,1.9209e-07,1.3492e-07,1.3346e-07,0.079879,0.13411,0.1375,
41,25.7519,0.013078,3.1803e-10,2.454e-10,0.079879,0.00031803,0.00052306,
42,26.6748,2.665e-07,9.8534e-08,7.3334e-08,0.079878,0.098216,0.074024,
43,26.6916,0.011747,3.0921e-10,1.9306e-10,0.079878,0.00030921,0.00041763,
44,27.6076,1.6293e-07,2.3293e-08,1.3251e-08,0.079877,0.023288,0.020338,
45,27.6229,0.022314,6.7705e-10,4.0623e-10,0.079877,0.00067705,0.0010558,
46,28.5381,2.841e-08,9.8929e-08,5.0786e-08,0.079875,0.098607,0.066501,
47,28.5548,0.012535,3.6893e-10,3.2827e-10,0.079875,0.00036893,0.00043664,
48,29.4699,1.4875e-07,1.8046e-08,1.468e-08,0.079874,0.018044,0.016722,
49,29.4839,0.016752,2.3178e-10,1.6251e-10,0.079874,0.00023178,0.0009607,
50,29.496,2.8257e-08,4.2799e-10,2.7875e-10,0.079874,0.00042799,0.00089926,
51,30.4106,3.49e-08,8.9832e-08,5.5698e-08,0.079872,0.089591,0.065197,
52,30.4261,0.013884,4.0252e-10,3.6316e-10,0.079872,0.00040252,0.00051187,
53,31.3463,1.3304e-07,4.6332e-07,2.5809e-07,0.079839,0.43279,0.37545,
54,31.3653,0.40052,7.0546e-10,6.7741e-10,0.079839,0.00070546,0.0016674,
55,32.2849,5.4837e-07,1.1406e-07,6.0119e-08,0.079835,0.11357,0.076318,
56,32.3017,0.019967,7.9019e-10,4.3829e-10,0.079835,0.00079019,0.00061828,
57,33.2387,1.7338e-07,1.1507e-07,7.3228e-08,0.079833,0.11457,0.078558,
58,33.2542,0.0239,2.0176e-10,1.3399e-10,0.079833,0.00020176,0.00042517,
59,33.2659,1.8032e-07,1.7219e-10,1.6697e-10,0.079833,0.00017219,0.00041462,
60,33.2774,6.562e-09,6.6905e-11,4.0024e-11,0.079833,6.6905e-05,0.0003737,
61,34.1949,3.336e-09,1.8728e-07,1.3393e-07,0.07983,0.18512,0.15001,
62,34.2106,0.034979,6.5832e-10,5.5198e-10,0.07983,0.00065832,0.00080454,
63,35.1275,2.863e-07,3.3582e-08,2.2938e-08,0.079829,0.03357,0.029504,
64,35.1431,0.018761,4.371e-10,2.8575e-10,0.079829,0.0004371,0.00094485,
65,36.0714,4.5352e-08,1.8115e-07,1.2961e-07,0.079826,0.17919,0.15974,
66,36.0888,0.038795,8.927e-10,6.7992e-10,0.079826,0.0008927,0.00068371,
67,37.0165,2.5245e-07,5.4481e-08,3.7698e-08,0.079824,0.054427,0.048326,
68,37.032,0.013503,7.5272e-10,5.8788e-10,0.079824,0.00075272,0.00061563,
69,37.0438,7.3363e-08,6.8933e-10,3.6345e-10,0.079824,0.00068933,0.00072291,
70,37.0554,4.1677e-08,8.0704e-10,7.7363e-10,0.079824,0.00080704,0.00070367,
71,37.0672,5.8864e-09,4.9463e-10,4.3962e-10,0.079824,0.00049463,0.0006032,
72,37.9862,5.3502e-09,7.0686e-09,6.6422e-09,0.079823,0.0070685,0.0075535,
73,38.0002,0.01433,6.2123e-10,4.7323e-10,0.079823,0.00062123,0.00067576,
74,38.9191,1.4464e-08,1.6423e-08,1.5124e-08,0.079819,0.016422,0.015778,
75,38.933,0.061815,1.3027e-09,1.2649e-09,0.079819,0.0013027,0.0012814,
76,39.8519,3.0797e-08,4.1333e-07,2.1846e-07,0.079806,0.3913,0.26459,
77,39.8687,0.14927,6.0922e-10,4.6124e-10,0.079806,0.00060922,0.0012961,
78,40.7866,6.1915e-07,2.2232e-08,1.7635e-08,0.079804,0.022228,0.022172,
79,40.8024,0.013217,1.4667e-10,1.009e-10,0.079804,0.00014667,0.00058509,
80,41.7325,3.0436e-08,6.6857e-09,4.9869e-09,0.079803,0.0066856,0.006211,
81,41.7465,0.01649,5.1048e-10,3.5308e-10,0.079803,0.00051048,0.00073657,
82,42.663,8.7893e-09,5.2134e-08,3.1709e-08,0.079801,0.052087,0.045193,
83,42.6787,0.014988,1.8387e-10,1.2126e-10,0.079801,0.00018387,0.00065035,
84,43.5985,6.4162e-08,5.1664e-08,2.973e-08,0.0798,0.051618,0.036247,
85,43.6136,0.013037,5.1082e-10,4.0808e-10,0.0798,0.00051082,0.00067311,
86,44.5287,7.8218e-08,2.3797e-08,1.5003e-08,0.079799,0.023793,0.020588,
87,44.5441,0.009861,2.0258e-10,1.0857e-10,0.079799,0.00020258,0.00054216,
88,45.4715,2.993e-08,1.5103e-08,1.2878e-08,0.079798,0.015102,0.015696,
89,45.4855,0.015737,2.641e-10,1.3818e-10,0.079798,0.0002641,0.00090737,
90,45.4982,2.2206e-08,5.6731e-10,4.7678e-10,0.079798,0.00056731,0.00081961,
91,45.5134,2.2562e-08,2.5663e-10,1.8849e-10,0.079798,0.00025663,0.00034971,
92,46.4306,0.0010858,1.1343e-07,9.1221e-08,0.079796,0.11294,0.1019,
93,46.4479,0.031005,5.2797e-10,3.564e-10,0.079796,0.00052797,0.00081184,
94,47.3627,1.7988e-07,2.1095e-07,1.7359e-07,0.079791,0.20788,0.19334,
95,47.3807,0.05158,3.2005e-10,1.8443e-10,0.079791,0.00032005,0.00039687,
96,48.2926,3.369e-07,7.0403e-08,4.1586e-08,0.07979,0.070287,0.063489,
97,48.308,0.013978,3.5827e-10,1.7973e-10,0.07979,0.00035827,0.00053131,
98,49.2154,8.1382e-08,4.5626e-08,2.844e-08,0.079789,0.045594,0.031074,
99,49.2308,0.011241,3.7231e-10,2.4325e-10,0.079789,0.00037231,0.00046197,
100,50.145,7.2224e-08,5.135e-08,3.5921e-08,0.079787,0.051305,0.040778,
101,50.1617,0.029611,4.119e-10,2.1425e-10,0.079787,0.0004119,0.0010997,
102,51.0826,7.9201e-08,1.2963e-07,8.1719e-08,0.079786,0.12891,0.093988,
103,51.0986,0.013783,3.3249e-10,3.0722e-10,0.079786,0.00033249,0.00064536,
104,52.0089,1.9451e-07,4.2621e-08,3.0001e-08,0.079785,0.042595,0.037305,
105,52.0244,0.013978,4.8716e-10,3.5509e-10,0.079785,0.00048716,0.00077351,
106,52.9384,5.7849e-08,3.898e-08,2.0308e-08,0.079784,0.03896,0.026474,
107,52.9535,0.013062,3.0611e-10,2.4678e-10,0.079784,0.00030611,0.00066184,
108,53.8668,5.9132e-08,1.7459e-08,1.3256e-08,0.079783,0.017457,0.016055,
109,53.8807,0.014503,8.1464e-10,5.251e-10,0.079783,0.00081464,0.0010166,
110,53.8932,2.5399e-08,3.7839e-10,2.6099e-10,0.079783,0.00037839,0.00091273,
111,54.8116,2.406e-08,7.9378e-08,6.0601e-08,0.079777,0.079212,0.072286,
112,54.8271,0.087289,9.4331e-10,7.3502e-10,0.079777,0.00094331,0.0011221,
113,55.7239,1.1783e-07,3.6611e-08,3.3067e-08,0.079774,0.036595,0.038943,
114,55.7396,0.015834,6.423e-10,5.9093e-10,0.079774,0.0006423,0.00063181,
115,55.7507,5.659e-08,6.7318e-10,4.7046e-10,0.079774,0.00067318,0.00075404,
116,55.7623,8.1721e-08,4.5234e-10,3.2998e-10,0.079774,0.00045234,0.0007547,
117,55.774,6.1275e-09,6.9298e-10,4.3702e-10,0.079774,0.00069298,0.00063339,
118,56.6989,5.5909e-09,1.2298e-07,7.8764e-08,0.079773,0.12236,0.083253,
119,56.7159,0.017625,3.0122e-10,2.827e-10,0.079773,0.00030122,0.000407,
120,57.6319,1.9465e-07,1.1683e-07,8.1314e-08,0.079771,0.1163,0.11022,
121,57.6475,0.011804,4.5524e-10,4.1246e-10,0.079771,0.00045524,0.00035759,
122,58.5659,1.4365e-07,1.4681e-07,9.7362e-08,0.07977,0.14576,0.12768,
123,58.5833,0.014688,2.6544e-10,2.3436e-10,0.07977,0.00026544,0.00043209,
124,59.5057,1.9168e-07,4.271e-08,2.5684e-08,0.079768,0.042684,0.038165,
125,59.5213,0.036373,5.4412e-10,4.9057e-10,0.079768,0.00054412,0.00070654,
126,60.4433,4.8886e-08,6.3211e-08,3.6345e-08,0.079767,0.063127,0.056495,
127,60.4589,0.010024,3.3358e-11,2.2024e-11,0.079767,3.3358e-05,0.00042186,
128,61.383,7.2386e-08,5.4211e-08,4.6252e-08,0.079766,0.054158,0.051363,
129,61.3994,0.0087132,3.952e-10,3.347e-10,0.079766,0.0003952,0.00045138,
130,62.318,9.0911e-08,8.3283e-08,5.6088e-08,0.079764,0.083091,0.077452,
131,62.3336,0.031528,1.7808e-10,9.6641e-11,0.079764,0.00017808,0.0010146,
132,63.2724,1.0024e-07,4.2189e-08,2.4207e-08,0.079763,0.042164,0.037041,
133,63.2879,0.0077896,3.992e-10,3.921e-10,0.079763,0.0003992,0.00047133,
134,64.2055,5.1222e-08,1.2733e-07,9.635e-08,0.079762,0.12665,0.12398,
135,64.2214,0.012002,1.6538e-10,1.171e-10,0.079762,0.00016538,0.00042453,
136,64.2651,1.661e-07,1.6723e-10,1.0516e-10,0.079762,0.00016723,0.00026421,
137,65.1849,0.0010746,1.6757e-08,8.8113e-09,0.079761,0.016756,0.013804,
138,65.1991,0.027714,1.054e-09,6.1811e-10,0.079761,0.001054,0.0010304,
139,66.1302,1.8614e-08,5.6173e-08,3.6157e-08,0.079758,0.056114,0.038535,
140,66.1455,0.030578,5.6256e-10,3.0048e-10,0.079758,0.00056256,0.00090036,
141,67.0724,8.9812e-08,5.4376e-08,4.2591e-08,0.079756,0.054322,0.048797,
142,67.0879,0.024684,8.1366e-10,5.2372e-10,0.079756,0.00081366,0.00069649,
143,68.0047,8.1621e-08,4.3475e-08,3.7824e-08,0.079755,0.043447,0.041193,
144,68.0203,0.0078184,1.8812e-10,1.196e-10,0.079755,0.00018812,0.00034452,
145,68.9431,7.3954e-08,6.0571e-08,4.6054e-08,0.079754,0.060497,0.051598,
146,68.9586,0.0095896,4.8329e-10,4.1946e-10,0.079754,0.00048329,0.0005764,
147,69.8757,9.5161e-08,1.2639e-08,1.1635e-08,0.079753,0.012638,0.011772,
148,69.8896,0.026009,9.084e-10,7.0228e-10,0.079753,0.00090839,0.00090063,
149,70.8067,2.5311e-08,2.8931e-08,1.9119e-08,0.079751,0.028923,0.025004,
150,70.8222,0.0096715,6.3411e-10,5.0679e-10,0.079751,0.00063411,0.00044726,
151,71.7517,3.6926e-08,9.5468e-08,4.7752e-08,0.07975,0.095179,0.08324,
152,71.7673,0.011798,2.8318e-10,2.1638e-10,0.07975,0.00028318,0.00042904,
153,72.689,1.0941e-07,3.479e-07,2.3209e-07,0.079746,0.33451,0.25533,
154,72.7047,0.049917,2.7842e-10,2.5971e-10,0.079746,0.00027842,0.0002641,
155,73.635,5.2831e-07,5.0731e-08,4.3193e-08,0.079743,0.050687,0.052401,
156,73.6506,0.059634,7.4484e-10,5.3358e-10,0.079743,0.00074484,0.001489,
157,74.5641,7.4047e-08,8.5448e-08,5.0574e-08,0.079739,0.085241,0.073664,
158,74.5799,0.035671,6.7786e-10,3.5979e-10,0.079739,0.00067786,0.00058431,
159,74.5917,1.0314e-07,5.7291e-10,4.514e-10,0.079739,0.00057291,0.00057391,
160,74.603,4.0144e-08,1.1453e-09,9.0456e-10,0.079739,0.0011453,0.0010477,
161,74.615,7.2133e-08,2.8778e-10,2.3803e-10,0.079739,0.00028778,0.00064513,
162,74.6266,3.9775e-09,6.4994e-10,3.8247e-10,0.079739,0.00064994,0.00056617,
163,75.5501,5.0454e-09,4.0209e-08,3.2008e-08,0.079737,0.040188,0.039782,
164,75.5657,0.042479,6.4115e-10,4.8019e-10,0.079737,0.00064115,0.001002,
165,76.5263,5.4519e-08,7.5736e-09,4.1662e-09,0.079735,0.0075735,0.005507,
166,76.54,0.017443,7.7353e-10,5.3014e-10,0.079735,0.00077353,0.00075434,
167,77.4573,1.2546e-08,8.247e-09,4.2151e-09,0.079733,0.0082468,0.0068471,
168,77.4717,0.02636,5.3016e-10,2.8378e-10,0.079733,0.00053016,0.00099187,
169,78.3917,9.711e-09,3.6178e-08,2.1191e-08,0.07973,0.036162,0.024969,
170,78.4068,0.033551,8.0358e-10,4.2684e-10,0.07973,0.00080358,0.00081869,
171,79.3129,5.4862e-08,1.8184e-08,1.4835e-08,0.079728,0.018182,0.017038,
172,79.3269,0.019223,9.6174e-10,5.7746e-10,0.079728,0.00096174,0.00085104,
173,79.3384,2.8213e-08,3.0716e-10,2.6714e-10,0.079728,0.00030716,0.0007028,
174,80.2512,7.0999e-09,1.1804e-07,8.5181e-08,0.079721,0.11749,0.11281,
175,80.2668,0.10061,1.043e-09,7.3191e-10,0.079721,0.001043,0.00083273,
176,81.1901,1.4869e-07,4.1755e-08,2.4833e-08,0.079719,0.041731,0.036367,
177,81.2059,0.026412,4.929e-10,2.4693e-10,0.079719,0.0004929,0.00056772,
178,82.1235,5.0746e-08,5.0469e-08,3.9391e-08,0.079718,0.050426,0.049899,
179,82.139,0.011866,8.331e-10,4.4651e-10,0.079718,0.0008331,0.00052304,
180,83.0573,6.7102e-08,2.3377e-08,1.8487e-08,0.079717,0.023373,0.021499,
181,83.0728,0.0093107,1.7958e-10,1.1756e-10,0.079717,0.00017958,0.00046649,
182,83.984,3.6277e-08,5.8784e-09,5.0593e-09,0.079716,0.0058783,0.0064945,
183,83.9986,0.027098,3.4177e-10,3.0756e-10,0.079716,0.00034177,0.0011729,
184,84.9153,9.9203e-09,1.3322e-07,9.0594e-08,0.079714,0.13244,0.1018,
185,84.9309,0.01848,2.8138e-10,2.5091e-10,0.079714,0.00028138,0.00051336,
186,85.8494,2.0405e-07,3.4003e-08,2.7237e-08,0.079712,0.033989,0.030551,
187,85.8655,0.024642,2.3907e-10,1.6899e-10,0.079712,0.00023907,0.00088221,
188,86.7948,5.4787e-08,8.2863e-09,6.5869e-09,0.079711,0.0082861,0.0067894,
189,86.8101,0.013925,3.1965e-10,2.6134e-10,0.079711,0.00031965,0.00058203,
190,87.7318,1.5511e-08,5.0496e-08,4.1054e-08,0.079709,0.050453,0.04599,
191,87.7472,0.018269,2.9741e-10,2.7235e-10,0.079709,0.00029741,0.00061318,
192,88.6689,8.0715e-08,3.3148e-08,2.431e-08,0.079708,0.033136,0.031782,
193,88.6845,0.017334,4.0859e-10,3.2825e-10,0.079708,0.00040859,0.00053071,
194,89.6063,4.2069e-08,5.6716e-08,5.04e-08,0.079707,0.056655,0.057169,
195,89.6218,0.011701,3.9518e-10,3.4506e-10,0.079707,0.00039518,0.00046877,
196,89.6332,9.4265e-08,6.3233e-10,4.8072e-10,0.079707,0.00063233,0.00069247,
197,89.645,7.1688e-09,1.9297e-10,1.8796e-10,0.079707,0.00019297,0.00041776,
198,89.6564,2.2894e-09,1.1675e-09,5.9255e-10,0.079707,0.0011675,0.00093084,
199,89.6685,5.5138e-08,3.7373e-10,2.3056e-10,0.079707,0.00037373,0.00046509,
200,89.681,3.2174e-09,1.2626e-10,1.0116e-10,0.079707,0.00012626,0.00041242,
201,90.6048,3.6784e-09,4.6249e-09,4.0233e-09,0.079705,0.0046249,0.0047931,
202,90.6187,0.038629,8.5548e-10,6.6257e-10,0.079705,0.00085548,0.0011349,
203,91.5443,1.1383e-08,4.8092e-08,3.6143e-08,0.079703,0.048055,0.040458,
204,91.56,0.025811,1.2877e-10,1.0302e-10,0.079703,0.00012877,0.00086482,
205,92.4826,7.5554e-08,2.1177e-08,1.6854e-08,0.079701,0.021174,0.019782,
206,92.4967,0.015566,5.8128e-10,4.0534e-10,0.079701,0.00058128,0.00084004,
207,92.5083,3.2531e-08,3.7518e-10,3.531e-10,0.079701,0.00037518,0.00059327,
208,93.4412,6.0864e-09,1.717e-08,1.0076e-08,0.0797,0.017168,0.015492,
209,93.4551,0.020656,2.7121e-10,1.5225e-10,0.0797,0.00027121,0.00073767,
210,93.492,1.9861e-08,1.1871e-10,6.1066e-11,0.0797,0.00011871,0.00036091,
211,94.4152,0.0015036,2.3672e-08,1.7978e-08,0.079699,0.023668,0.023097,
212,94.431,0.0075742,5.791e-10,2.9408e-10,0.079699,0.0005791,0.00039635,
213,95.3455,3.0667e-08,6.0908e-08,3.8844e-08,0.079698,0.060833,0.055982,
214,95.3618,0.010974,4.6894e-11,3.2252e-11,0.079698,4.6894e-05,0.00047261,
215,96.2965,7.142e-08,7.9366e-08,5.0795e-08,0.079697,0.0792,0.053715,
216,96.3125,0.014773,1.9236e-10,1.13e-10,0.079697,0.00019236,0.0004651,
217,96.324,1.2751e-07,7.2317e-10,5.055e-10,0.079697,0.00072317,0.00053265,
218,96.336,6.9075e-09,5.3787e-10,3.0939e-10,0.079697,0.00053787,0.00039105,
219,97.2567,2.0462e-09,6.8717e-08,6.8684e-08,0.079696,0.068609,0.070613,
220,97.2723,0.017282,1.7379e-10,1.2724e-10,0.079696,0.00017379,0.00053292,
221,98.1899,1.3929e-07,3.7886e-08,2.1659e-08,0.079695,0.037868,0.026371,
222,98.2053,0.012795,6.1551e-10,3.8854e-10,0.079695,0.00061551,0.00055152,
223,99.1314,5.8568e-08,3.2541e-08,1.9177e-08,0.079694,0.032529,0.029309,
224,99.1471,0.011394,5.7375e-11,2.9843e-11,0.079694,5.7375e-05,0.0006422,
225,100.0671,3.7459e-08,8.0837e-08,7.6766e-08,0.079692,0.080661,0.078105,
226,100.0826,0.032379,6.4657e-10,5.4026e-10,0.079692,0.00064657,0.00072734,
227,101.0071,1.591e-07,1.6644e-08,9.2374e-09,0.079691,0.016643,0.014452,
228,101.0212,0.013444,1.8757e-10,1.7902e-10,0.079691,0.00018757,0.00067961,
229,101.0338,1.9511e-08,3.3814e-10,2.0942e-10,0.079691,0.00033814,0.00059067,
230,101.9504,1.2989e-08,7.4063e-10,4.1068e-10,0.079686,0.00074063,0.0023097,
231,101.9632,0.11979,2.8359e-09,1.5337e-09,0.079686,0.0028359,0.0019297,
232,102.8802,3.4902e-08,1.1733e-07,6.1137e-08,0.07968,0.11679,0.1022,
233,102.8961,0.030391,3.1168e-10,2.0224e-10,0.07968,0.00031168,0.00067373,
234,103.8255,1.3584e-07,7.468e-09,4.0538e-09,0.079678,0.0074679,0.005444,
235,103.8393,0.029132,8.1579e-10,4.2176e-10,0.079678,0.00081579,0.0012463,
236,103.8892,1.538e-08,4.1292e-10,2.8644e-10,0.079678,0.00041292,0.00036107,
237,104.8061,0.0013554,1.2455e-07,8.0085e-08,0.079677,0.12391,0.10838,
238,104.8235,0.0076824,1.4866e-10,7.7731e-11,0.079677,0.00014866,0.00056879,
239,105.7408,1.5964e-07,6.0402e-08,3.3773e-08,0.079676,0.060329,0.040608,
240,105.7561,0.016112,6.8613e-10,5.1503e-10,0.079676,0.00068613,0.00055151,
241,106.682,9.0993e-08,4.6807e-08,3.351e-08,0.079675,0.046773,0.03355,
242,106.697,0.013116,3.7674e-10,1.9941e-10,0.079675,0.00037674,0.00060738,
243,106.7095,7.8263e-08,9.8521e-10,5.8728e-10,0.079675,0.00098521,0.00071026,
244,106.7213,1.9997e-08,6.0174e-10,4.6352e-10,0.079675,0.00060174,0.00065059,
245,106.7329,5.7236e-09,4.0503e-10,3.1778e-10,0.079675,0.00040503,0.000568,
246,107.6504,5.0582e-09,2.1304e-08,1.76e-08,0.079674,0.021301,0.021757,
247,107.6662,0.015624,4.2211e-10,3.8416e-10,0.079674,0.00042211,0.00073114,
248,108.5861,3.0713e-08,6.1833e-08,4.9844e-08,0.079673,0.061754,0.056579,
249,108.6018,0.012817,1.4992e-10,1.0814e-10,0.079673,0.00014992,0.0006253,
250,108.6141,9.7231e-08,1.2666e-09,6.6414e-10,0.079673,0.0012666,0.00092327,
251,108.6257,2.4573e-08,1.4718e-10,7.4481e-11,0.079673,0.00014718,0.00062505,
252,108.6368,6.2016e-09,2.4383e-10,2.2286e-10,0.079673,0.00024383,0.00059495,
253,109.5519,9.8278e-09,2.3945e-08,2.3902e-08,0.079672,0.02394,0.024968,
254,109.5678,0.015084,5.3079e-10,4.6483e-10,0.079672,0.00053079,0.00072115,
255,110.4804,4.9828e-08,3.3455e-08,3.0527e-08,0.079671,0.033443,0.032386,
256,110.496,0.012839,1.918e-10,1.8689e-10,0.079671,0.0001918,0.00060949,
257,111.4247,6.0983e-08,1.5883e-08,1.5587e-08,0.07967,0.015882,0.016553,
258,111.4388,0.013935,2.4882e-10,2.3468e-10,0.07967,0.00024882,0.00073418,
259,112.3567,3.2191e-08,5.5779e-08,3.1952e-08,0.079669,0.055721,0.036518,
260,112.3719,0.019193,2.0896e-10,1.1908e-10,0.079669,0.00020896,0.00070264,
261,112.3841,8.7466e-08,7.8868e-10,4.0288e-10,0.079669,0.00078868,0.00076916,
262,112.3968,4.4197e-08,2.9932e-10,2.8716e-10,0.079669,0.00029932,0.00076982,
263,112.4094,1.4981e-08,3.8882e-10,2.7492e-10,0.079669,0.00038882,0.00068103,
264,113.3242,1.5735e-08,7.903e-08,6.8744e-08,0.079668,0.078866,0.074442,
265,113.342,0.011805,4.9718e-10,3.3967e-10,0.079668,0.00049718,0.00059444,
266,114.2625,1.3505e-07,2.8199e-08,2.6187e-08,0.079667,0.028192,0.026112,
267,114.2782,0.010845,3.4617e-10,2.1803e-10,0.079667,0.00034617,0.00042709,
268,115.1948,5.436e-08,2.3482e-07,1.7045e-07,0.079664,0.2306,0.20577,
269,115.2142,0.044265,4.7697e-10,3.2016e-10,0.079664,0.00047697,0.00062333,
270,116.1397,3.3326e-07,9.8251e-09,6.2236e-09,0.079663,0.0098248,0.0070341,
271,116.1538,0.019447,4.209e-10,3.3874e-10,0.079663,0.0004209,0.00089009,
272,117.0653,1.5138e-08,2.8289e-09,2.4974e-09,0.079661,0.0028289,0.0028732,
273,117.0779,0.029354,5.3303e-10,2.7142e-10,0.079661,0.00053303,0.00096376,
274,117.9966,5.1012e-09,1.7176e-08,1.1337e-08,0.07966,0.017174,0.012656,
275,118.0107,0.014254,3.7587e-10,2.2979e-10,0.07966,0.00037587,0.00068177,
276,118.9318,2.6415e-08,2.0025e-08,1.3728e-08,0.079659,0.020022,0.019004,
277,118.9474,0.010169,1.9646e-10,1.8169e-10,0.079659,0.00019646,0.00043624,
278,119.8582,2.4533e-08,6.813e-08,4.47e-08,0.079655,0.068025,0.046346,
279,119.8751,0.08083,7.7436e-10,4.474e-10,0.079655,0.00077436,0.0014191,
280,120.7877,1.1202e-07,2.1682e-08,1.9789e-08,0.079652,0.021679,0.022887,
281,120.803,0.014365,6.0952e-10,3.3236e-10,0.079652,0.00060952,0.00064334,
282,120.8145,3.784e-08,2.8015e-09,1.5092e-09,0.079652,0.0028015,0.0014804,
283,120.8267,8.5569e-08,7.7558e-10,5.7725e-10,0.079652,0.00077558,0.00073349,
284,120.8388,5.0837e-09,7.9485e-10,4.1918e-10,0.079652,0.00079485,0.00063469,
285,121.7628,5.6601e-09,4.7627e-08,2.7474e-08,0.07965,0.047591,0.032665,
286,121.7779,0.034087,2.3813e-11,1.6404e-11,0.07965,2.3813e-05,0.0012958,
287,122.6931,7.3316e-08,4.4785e-08,2.8985e-08,0.079649,0.044755,0.032347,
288,122.7088,0.013608,7.7377e-10,4.9161e-10,0.079649,0.00077377,0.00056473,
289,123.6352,6.7585e-08,1.2464e-07,8.2518e-08,0.079647,0.124,0.10904,
290,123.6524,0.016669,2.8982e-10,2.1753e-10,0.079647,0.00028982,0.00041371,
291,124.5626,1.6372e-07,9.5876e-09,7.0494e-09,0.079647,0.0095873,0.008798,
292,124.5767,0.010918,8.7214e-10,6.1209e-10,0.079647,0.00087214,0.00054893,
293,125.489,1.1491e-08,5.9e-08,3.7019e-08,0.079646,0.058932,0.051804,
294,125.5045,0.01036,3.2622e-10,1.7636e-10,0.079646,0.00032622,0.00042907,
295,125.5159,7.4764e-08,6.7818e-10,4.9763e-10,0.079646,0.00067818,0.00048047,
296,125.528,6.8043e-09,3.5191e-10,3.2529e-10,0.079646,0.00035191,0.00038556,
297,126.4609,1.9967e-09,7.8967e-08,7.2622e-08,0.079645,0.078804,0.07645,
298,126.4763,0.019138,5.5297e-10,4.8616e-10,0.079645,0.00055297,0.00052875,
299,127.3925,1.4532e-07,2.4769e-07,1.8776e-07,0.079641,0.24275,0.21941,
300,127.4103,0.060273,8.9039e-10,8.0934e-10,0.079641,0.00089039,0.00097171,
301,128.3286,3.6832e-07,3.5463e-09,3.1952e-09,0.079639,0.0035463,0.0027076,
302,128.3412,0.033078,1.2646e-09,1.0864e-09,0.079639,0.0012646,0.00092887,
303,129.2578,4.9232e-09,3.2435e-07,2.6357e-07,0.079613,0.31344,0.28723,
304,129.275,0.3866,9.6142e-10,8.4473e-10,0.079613,0.00096142,0.0010766,
305,130.1874,5.2556e-07,1.066e-07,8.7755e-08,0.079611,0.1062,0.085505,
306,130.2026,0.016042,5.0463e-10,4.791e-10,0.079611,0.00050463,0.00048946,
307,131.1186,1.9302e-07,2.3825e-08,1.5659e-08,0.079609,0.02382,0.020338,
308,131.1341,0.024606,1.0095e-09,7.9964e-10,0.079609,0.0010095,0.00069871,
309,132.0413,3.0009e-08,1.5898e-08,1.5001e-08,0.079608,0.015897,0.018268,
310,132.0569,0.012281,5.6094e-10,3.6891e-10,0.079608,0.00056094,0.00051274,
311,132.0683,2.724e-08,1.6859e-09,1.0327e-09,0.079608,0.0016859,0.0010228,
312,132.0801,6.9537e-08,7.899e-10,5.6015e-10,0.079608,0.0007899,0.00056607,
313,132.0916,3.8118e-09,4.9586e-10,4.1948e-10,0.079608,0.00049586,0.00050471,
314,133.0022,4.4966e-09,5.5365e-08,3.3423e-08,0.079607,0.055308,0.038924,
315,133.0172,0.028734,7.1016e-10,6.3295e-10,0.079607,0.00071016,0.00081415,
316,133.9316,8.6351e-08,3.9964e-08,2.4953e-08,0.079605,0.039943,0.034359,
317,133.947,0.028923,6.7168e-10,5.4319e-10,0.079605,0.00067168,0.00064358,
318,134.8561,4.9968e-08,5.229e-08,4.2277e-08,0.079603,0.052243,0.047527,
319,134.8716,0.010318,6.2905e-10,4.8069e-10,0.079603,0.00062905,0.00041021,
320,134.8828,8.2192e-08,1.5964e-10,1.1029e-10,0.079603,0.00015964,0.00061697,
321,134.8949,6.2256e-09,4.6587e-10,4.0255e-10,0.079603,0.00046587,0.00037289,
322,134.9068,2.0758e-09,2.2945e-10,2.2047e-10,0.079603,0.00022945,0.0005324,
323,134.9183,1.8682e-08,4.4976e-10,2.9595e-10,0.079603,0.00044976,0.00043359,
324,134.9299,3.7589e-09,3.831e-10,3.4762e-10,0.079603,0.0003831,0.00036182,
325,135.8406,3.2254e-09,4.3757e-08,2.5065e-08,0.079603,0.043729,0.038004,
326,135.8561,0.012209,2.2377e-10,1.4577e-10,0.079603,0.00022377,0.00036914,
327,135.8677,5.2168e-08,3.4862e-10,2.4056e-10,0.079603,0.00034862,0.00040153,
328,135.8792,2.9705e-08,6.7731e-11,4.9383e-11,0.079603,6.7731e-05,0.00037987,
329,135.8901,6.3519e-09,1.9703e-10,1.4996e-10,0.079603,0.00019703,0.0003584,
330,136.812,5.9146e-09,9.7892e-08,7.5864e-08,0.079602,0.09758,0.09706,
331,136.8277,0.013328,2.0057e-10,1.9904e-10,0.079602,0.00020057,0.00037803,
332,136.84,1.3039e-07,4.7323e-10,3.7057e-10,0.079602,0.00047323,0.00035809,
333,136.8509,1.5299e-08,3.9657e-10,3.2402e-10,0.079602,0.00039657,0.00035454,
334,137.7583,9.0243e-08,1.3546e-07,6.9187e-08,0.0796,0.13464,0.11798,
335,137.774,0.033975,4.4125e-10,3.8682e-10,0.0796,0.00044125,0.00051742,
336,138.6917,1.5549e-07,7.1015e-08,6.5741e-08,0.079598,0.070896,0.078143,
337,138.7086,0.015331,1.2258e-10,8.6765e-11,0.079598,0.00012258,0.0005361,
338,138.722,1.1541e-07,6.3557e-10,3.2144e-10,0.079598,0.00063557,0.00051085,
339,138.734,4.0549e-09,4.5115e-10,3.8212e-10,0.079598,0.00045115,0.00039572,
340,139.6487,2.0571e-09,3.0988e-08,2.2785e-08,0.079597,0.030978,0.027482,
341,139.6643,0.018321,2.1419e-10,1.1197e-10,0.079597,0.00021419,0.00041422,
342,139.6765,4.4495e-08,7.3843e-10,3.9435e-10,0.079597,0.00073843,0.00052361,
343,139.6882,1.3021e-08,9.1433e-11,7.2581e-11,0.079597,9.1433e-05,0.00047485,
344,139.7,3.9643e-09,2.343e-10,2.3077e-10,0.079597,0.0002343,0.00038564,
345,140.614,1.9929e-09,6.2875e-08,3.9798e-08,0.079596,0.062792,0.045306,
346,140.6295,0.014042,5.7484e-10,5.2133e-10,0.079596,0.00057484,0.00053188,
347,141.549,9.7668e-08,5.0693e-08,4.1546e-08,0.079595,0.05065,0.040531,
348,141.5642,0.027711,4.2552e-10,3.5646e-10,0.079595,0.00042552,0.00093204,
349,142.4817,9.2232e-08,1.9307e-08,1.5701e-08,0.079594,0.019305,0.018292,
350,142.4956,0.010896,5.8472e-10,4.7608e-10,0.079594,0.00058472,0.00082733,
351,142.5074,3.072e-08,4.9102e-10,4.5404e-10,0.079594,0.00049102,0.00053549,
352,142.5193,5.5444e-09,5.8825e-10,4.6872e-10,0.079594,0.00058825,0.00052722,
353,143.4341,4.0806e-08,8.1415e-08,5.0389e-08,0.079593,0.081236,0.07468,
354,143.4496,0.02269,3.0243e-10,2.9463e-10,0.079593,0.00030243,0.00068312,
355,144.3693,9.4474e-08,8.8485e-08,7.4602e-08,0.079591,0.088255,0.083398,
356,144.3867,0.014197,3.8266e-10,2.9254e-10,0.079591,0.00038266,0.00039196,
357,145.3092,1.4553e-07,7.0068e-08,5.5241e-08,0.079588,0.069953,0.053702,
358,145.3254,0.059396,1.5196e-10,1.4177e-10,0.079588,0.00015196,0.00073143,
359,146.2458,1.2412e-07,6.3002e-08,3.6875e-08,0.079585,0.062919,0.041118,
360,146.2611,0.059864,1.3138e-09,9.107e-10,0.079585,0.0013138,0.0011547,
361,147.1845,1.0218e-07,4.2584e-08,2.3065e-08,0.079583,0.042559,0.037157,
362,147.2004,0.010723,1.6019e-10,1.4441e-10,0.079583,0.00016019,0.00042912,
363,148.0777,4.9825e-08,1.5607e-08,1.1383e-08,0.079582,0.015606,0.010903,
364,148.093,0.024528,8.0642e-10,4.6895e-10,0.079582,0.00080642,0.00082777,
365,149.0063,2.6871e-08,1.2089e-08,1.0598e-08,0.079581,0.012089,0.010481,
366,149.0214,0.012935,4.5318e-10,3.3856e-10,0.079581,0.00045318,0.00067633,
367,149.9377,2.3722e-08,1.2331e-07,7.144e-08,0.079576,0.12269,0.10741,
368,149.9533,0.066718,4.4233e-10,3.499e-10,0.079576,0.00044233,0.00085464,
369,150.871,1.4871e-07,2.5658e-08,1.4613e-08,0.079575,0.025653,0.022753,
370,150.8866,0.012514,3.9853e-10,3.8334e-10,0.079575,0.00039853,0.00071727,
371,151.8066,3.1194e-08,1.0095e-07,6.7297e-08,0.079573,0.10061,0.07514,
372,151.8221,0.036287,4.0888e-10,2.6304e-10,0.079573,0.00040888,0.00086064,
373,152.7359,1.57e-07,1.6224e-08,1.5258e-08,0.079572,0.016223,0.018491,
374,152.7517,0.010929,4.6312e-10,2.7642e-10,0.079572,0.00046312,0.00062988,
375,153.6812,2.7626e-08,3.996e-08,2.6818e-08,0.079571,0.039939,0.037241,
376,153.6969,0.013069,2.9291e-10,1.4778e-10,0.079571,0.00029291,0.00058184,
377,154.6142,4.7552e-08,3.1333e-08,2.9541e-08,0.07957,0.031322,0.035379,
378,154.63,0.015456,4.7111e-10,2.4058e-10,0.07957,0.00047111,0.00053896,
379,154.6421,5.2636e-08,1.0192e-09,6.3117e-10,0.07957,0.0010192,0.00069572,
380,154.6538,2.0964e-08,5.4367e-10,4.2206e-10,0.07957,0.00054367,0.00053154,
381,154.665,5.2501e-09,3.5631e-10,3.3478e-10,0.07957,0.00035631,0.00050656,
382,154.7842,8.3614e-09,1.4416e-10,8.8863e-11,0.07957,0.00014416,0.00012547,
383,154.796,0.0013045,9.9889e-11,9.4223e-11,0.07957,9.9889e-05,0.00010679,
384,154.8073,9.4485e-10,3.1951e-10,1.6623e-10,0.07957,0.00031951,0.00027474,
385,154.8195,1.7531e-08,1.1405e-10,9.1542e-11,0.07957,0.00011405,0.00011043,
386,154.8307,9.1514e-10,7.6283e-11,7.3337e-11,0.07957,7.6283e-05,0.00010533,
387,155.738,1.7396e-09,1.7195e-07,1.2337e-07,0.079569,0.17027,0.12021,
388,155.755,0.021816,2.1477e-10,1.7123e-10,0.079569,0.00021477,0.00044845,
389,156.6961,2.9291e-07,6.3934e-08,3.6469e-08,0.079568,0.063847,0.043409,
390,156.7114,0.026637,6.201e-10,5.2743e-10,0.079568,0.0006201,0.00084961,
391,157.6266,1.0003e-07,1.5376e-08,9.607e-09,0.079567,0.015375,0.014412,
392,157.6409,0.010269,3.2877e-10,1.9761e-10,0.079567,0.00032877,0.00067173,
393,158.5599,1.8299e-08,6.6885e-08,5.6717e-08,0.079566,0.066786,0.063564,
394,158.5772,0.010414,4.1129e-10,3.7161e-10,0.079566,0.00041129,0.00051009,
395,158.5885,1.1091e-07,3.8054e-10,3.7502e-10,0.079566,0.00038054,0.00050783,
396,159.5065,1.3015e-07,5.3849e-08,3.7901e-08,0.079565,0.053797,0.047341,
397,159.5223,0.013384,3.5935e-10,3.2246e-10,0.079565,0.00035935,0.00053942,
398,159.5333,7.4072e-08,5.1528e-10,3.7713e-10,0.079565,0.00051528,0.00084653,
399,159.5456,8.1224e-09,2.8093e-10,1.9363e-10,0.079565,0.00028093,0.0004615,
400,160.469,1.7592e-09,4.5032e-08,3.4952e-08,0.079564,0.045001,0.045149,
401,160.4854,0.015141,4.9748e-10,4.7711e-10,0.079564,0.00049748,0.00055502,
402,161.415,6.0212e-08,5.8142e-08,3.6942e-08,0.079563,0.058077,0.053249,
403,161.4306,0.02154,3.8139e-10,3.5187e-10,0.079563,0.00038139,0.00082395,
404,162.3502,6.7374e-08,6.2485e-08,3.3178e-08,0.079561,0.062404,0.0551,
405,162.3661,0.021521,4.042e-10,3.2705e-10,0.079561,0.0004042,0.00056818,
406,163.2858,7.3278e-08,4.8885e-08,2.479e-08,0.079561,0.048846,0.031908,
407,163.3035,0.011742,4.0115e-10,2.4048e-10,0.079561,0.00040115,0.00042149,
408,163.3156,7.6389e-08,1.2767e-09,7.3246e-10,0.079561,0.0012767,0.00076539,
409,163.3277,2.1996e-08,4.0195e-10,3.3661e-10,0.079561,0.00040195,0.00040284,
410,164.2387,3.0157e-09,6.9155e-08,3.4939e-08,0.079559,0.069045,0.04523,
411,164.2555,0.039723,1.1272e-09,8.3495e-10,0.079559,0.0011272,0.00084854,
412,165.1742,1.1034e-07,7.3031e-08,4.6913e-08,0.079557,0.072901,0.052368,
413,165.1903,0.019145,5.3674e-10,5.2713e-10,0.079557,0.00053674,0.00055209,
414,166.1171,1.1252e-07,4.5003e-09,2.6227e-09,0.079556,0.0045003,0.0045077,
415,166.1297,0.02308,4.6181e-10,4.5218e-10,0.079556,0.00046181,0.00073893,
416,166.1416,6.6212e-09,2.2285e-09,1.4664e-09,0.079556,0.0022285,0.0011994,
417,166.1536,4.6383e-08,7.4812e-10,4.9153e-10,0.079556,0.00074812,0.00077755,
418,166.1664,5.0337e-09,8.0529e-10,7.0272e-10,0.079556,0.00080529,0.00071508,
419,167.082,1.2222e-08,4.0117e-08,2.1653e-08,0.079555,0.040096,0.034895,
420,167.0976,0.0087644,2.8513e-10,1.9269e-10,0.079555,0.00028513,0.00032038,
421,167.1088,4.6652e-08,4.1543e-10,3.1615e-10,0.079555,0.00041543,0.00034728,
422,167.1201,4.8102e-08,1.9913e-10,1.8531e-10,0.079555,0.00019913,0.00032206,
423,167.131,5.6044e-09,2.6633e-10,2.3961e-10,0.079555,0.00026633,0.00031534,
424,168.0493,1.001e-08,5.4193e-08,2.8279e-08,0.079554,0.05414,0.034794,
425,168.0646,0.010497,4.9339e-10,4.1116e-10,0.079554,0.00049339,0.00052397,
426,168.076,8.483e-08,8.5898e-10,5.1444e-10,0.079554,0.00085898,0.0005293,
427,168.0881,4.3251e-09,5.0634e-10,3.0935e-10,0.079554,0.00050634,0.00042877,
428,168.127,2.22e-09,1.5031e-10,1.0933e-10,0.079554,0.00015031,0.00020319,
429,169.0461,0.0012182,1.0263e-07,5.1943e-08,0.079548,0.10227,0.089931,
430,169.0618,0.14272,6.6296e-10,4.7133e-10,0.079548,0.00066296,0.0023427,
431,169.9809,1.1821e-07,2.7396e-09,1.8888e-09,0.079544,0.0027396,0.0022525,
432,169.9936,0.020756,5.8035e-10,5.1242e-10,0.079544,0.00058035,0.00049386,
433,170.0058,3.877e-09,3.2451e-10,3.0483e-10,0.079544,0.00032451,0.00064633,
434,170.0176,1.4939e-08,4.9628e-10,3.2669e-10,0.079544,0.00049628,0.00057597,
435,170.0297,4.8114e-09,5.0622e-10,4.1749e-10,0.079544,0.00050622,0.0004636,
436,170.9553,2.3945e-09,1.7864e-07,1.6404e-07,0.079541,0.17676,0.16086,
437,170.9723,0.050984,2.6411e-10,1.8618e-10,0.079541,0.00026411,0.0005707,
438,171.886,3.4865e-07,3.4547e-08,1.8168e-08,0.07954,0.034533,0.022503,
439,171.9013,0.013408,3.6941e-10,3.6108e-10,0.07954,0.00036941,0.00049918,
440,171.9125,5.523e-08,9.1796e-10,8.2808e-10,0.07954,0.00091796,0.00065573,
441,171.9246,8.0062e-09,6.2775e-10,5.0536e-10,0.07954,0.00062775,0.00045552,
442,172.846,2.4047e-09,7.2461e-08,4.3965e-08,0.079539,0.072334,0.065766,
443,172.8616,0.011904,2.5202e-10,1.9622e-10,0.079539,0.00025202,0.00042091,
444,173.7772,8.2746e-08,1.9103e-07,1.1757e-07,0.079538,0.18874,0.13298,
445,173.7925,0.022698,5.1722e-10,4.7887e-10,0.079538,0.00051722,0.00041473,
446,174.7169,2.9739e-07,1.0711e-07,7.4666e-08,0.079537,0.10671,0.10132,
447,174.7326,0.019271,3.6833e-10,3.2253e-10,0.079537,0.00036833,0.0004599,
448,175.6592,1.3025e-07,4.2296e-08,2.7596e-08,0.079536,0.04227,0.028049,
449,175.6746,0.0094135,3.9825e-10,2.6765e-10,0.079536,0.00039825,0.0004427,
450,175.6863,6.9503e-08,1.5599e-10,8.8343e-11,0.079536,0.00015599,0.00043654,
451,175.6984,3.4806e-09,2.8949e-10,1.4669e-10,0.079536,0.00028949,0.00034026,
452,176.6244,1.7662e-09,5.4421e-08,4.7917e-08,0.079535,0.054368,0.051465,
453,176.6401,0.0076564,1.8518e-10,1.0073e-10,0.079535,0.00018518,0.00037075,
454,176.6523,9.6475e-08,7.7488e-10,4.1015e-10,0.079535,0.00077488,0.00046009,
455,176.6639,1.1649e-08,2.6523e-10,1.739e-10,0.079535,0.00026523,0.00038674,
456,176.6761,3.6336e-09,3.475e-10,2.1465e-10,0.079535,0.0003475,0.0003519,
457,177.5939,3.1319e-09,2.2046e-07,1.6774e-07,0.079533,0.21696,0.19537,
458,177.6129,0.046715,3.0582e-10,2.6778e-10,0.079533,0.00030582,0.00036301,
459,177.6441,3.3124e-07,1.0322e-10,1.0203e-10,0.079532,0.00010322,0.00023616,
460,177.6707,0.00079558,1.1793e-10,1.0927e-10,0.079532,0.00011793,0.00011422,
461,178.5872,0.00032436,5.3701e-08,3.2445e-08,0.079532,0.05365,0.049277,
462,178.6029,0.019277,4.4221e-10,2.8751e-10,0.079532,0.00044221,0.00085266,
463,179.518,6.2134e-08,6.432e-08,3.5208e-08,0.079531,0.064232,0.040936,
464,179.5346,0.017175,5.2757e-10,2.6623e-10,0.079531,0.00052757,0.00050134,
465,180.4494,1.0221e-07,1.8147e-08,1.0486e-08,0.079529,0.018145,0.015406,
